52, -1.39626, 0, -2.18167
52, -1.39626, 0, -2.18167
52, -1.39555, 0, -2.1817
52, -1.39365, 0, -2.18172
52, -1.3906, 0, -2.18175
52, -1.38347, 0, -2.18178
52, -1.38347, 0, -2.18178
52, -1.37301, 0, -2.18182
52, -1.36397, 1e-06, -2.18186
52, -1.35458, 1e-06, -2.18189
52, -1.35458, 1e-06, -2.18189
52, -1.33824, 1e-06, -2.18194
52, -1.32877, 1e-06, -2.18197
52, -1.31991, 1e-06, -2.18199
52, -1.30828, 1e-06, -2.18202
52, -1.29357, 1e-06, -2.18206
52, -1.28201, 1e-06, -2.18209
52, -1.26868, 1e-06, -2.18212
52, -1.25488, 1e-06, -2.18215
52, -1.24063, 1e-06, -2.18219
52, -1.22596, 1e-06, -2.18222
52, -1.21243, 1e-06, -2.18225
52, -1.19551, 1e-06, -2.18228
52, -1.18135, 0, -2.18231
52, -1.16372, 0, -2.18235
52, -1.14738, 0, -2.18238
52, -1.13078, 0, -2.18241
52, -1.11394, -0, -2.18244
52, -1.0986, -0, -2.18247
52, -1.07963, -0, -2.1825
52, -1.06393, -0, -2.18253
52, -1.04457, -0, -2.18256
52, -1.02681, -1e-06, -2.18258
52, -1.00892, -1e-06, -2.18261
52, -0.990905, -1e-06, -2.18264
52, -0.972786, -1e-06, -2.18266
52, -0.954576, -1e-06, -2.18268
52, -0.936288, -1e-06, -2.1827
52, -0.917932, -1e-06, -2.18272
52, -0.899521, -1e-06, -2.18274
52, -0.882912, -1e-06, -2.18276
52, -0.862576, -1e-06, -2.18278
52, -0.845914, -1e-06, -2.18279
52, -0.827385, -1e-06, -2.18281
52, -0.80885, -1e-06, -2.18282
52, -0.790314, -0, -2.18283
52, -0.771787, -0, -2.18284
52, -0.751426, -0, -2.18285
52, -0.73294, -0, -2.18286
52, -0.712639, 0, -2.18287
52, -0.697901, 0, -2.18288
52, -0.677682, 0, -2.18288
52, -0.661182, 1e-06, -2.18289
52, -0.641073, 1e-06, -2.18289
52, -0.622852, 1e-06, -2.18289
52, -0.606506, 1e-06, -2.18289
52, -0.5866, 1e-06, -2.18289
52, -0.570377, 2e-06, -2.18289
52, -0.550631, 2e-06, -2.18289
52, -0.534544, 2e-06, -2.18289
52, -0.514972, 2e-06, -2.18288
52, -0.497268, 2e-06, -2.18288
52, -0.47965, 3e-06, -2.18288
52, -0.462122, 3e-06, -2.18287
52, -0.444687, 3e-06, -2.18286
52, -0.427347, 3e-06, -2.18285
52, -0.410103, 4e-06, -2.18285
52, -0.391249, 4e-06, -2.18284
52, -0.375914, 4e-06, -2.18283
52, -0.358973, 4e-06, -2.18282
52, -0.342136, 4e-06, -2.18281
52, -0.325405, 5e-06, -2.1828
52, -0.310438, 5e-06, -2.18279
52, -0.292265, 5e-06, -2.18277
52, -0.277494, 5e-06, -2.18276
52, -0.259562, 5e-06, -2.18275
52, -0.24499, 6e-06, -2.18274
52, -0.227303, 6e-06, -2.18272
52, -0.211343, 6e-06, -2.18271
52, -0.197075, 6e-06, -2.1827
52, -0.181331, 6e-06, -2.18268
52, -0.164144, 6e-06, -2.18267
52, -0.14864, 6e-06, -2.18265
52, -0.134784, 7e-06, -2.18264
52, -0.117977, 7e-06, -2.18262
52, -0.104329, 7e-06, -2.18261
52, -0.086278, 7e-06, -2.18259
52, -0.074337, 7e-06, -2.18258
52, -0.058039, 7e-06, -2.18256
52, -0.044808, 7e-06, -2.18255
52, -0.030217, 7e-06, -2.18253
52, -0.0143, 7e-06, -2.18251
52, 4.9e-05, 7e-06, -2.1825
52, 0.012864, 7e-06, -2.18248
52, 0.026994, 7e-06, -2.18247
52, 0.041009, 7e-06, -2.18245
52, 0.05491, 7e-06, -2.18243
52, 0.070069, 7e-06, -2.18242
52, 0.083731, 8e-06, -2.1824
52, 0.097279, 8e-06, -2.18238
52, 0.110714, 8e-06, -2.18237
52, 0.124038, 8e-06, -2.18235
52, 0.137249, 8e-06, -2.18234
52, 0.150349, 8e-06, -2.18232
52, 0.163337, 7e-06, -2.1823
52, 0.174933, 7e-06, -2.18229
52, 0.190255, 7e-06, -2.18227
52, 0.200383, 7e-06, -2.18226
52, 0.214194, 7e-06, -2.18224
52, 0.225398, 7e-06, -2.18223
52, 0.237743, 7e-06, -2.18221
52, 0.252417, 7e-06, -2.18219
52, 0.262115, 7e-06, -2.18218
52, 0.275339, 7e-06, -2.18217
52, 0.288436, 7e-06, -2.18215
52, 0.299057, 7e-06, -2.18214
52, 0.310761, 7e-06, -2.18212
52, 0.322362, 7e-06, -2.18211
52, 0.332715, 7e-06, -2.1821
52, 0.344122, 7e-06, -2.18208
52, 0.357677, 7e-06, -2.18207
52, 0.366634, 7e-06, -2.18206
52, 0.378846, 7e-06, -2.18204
52, 0.388748, 7e-06, -2.18203
52, 0.399658, 6e-06, -2.18202
52, 0.41047, 6e-06, -2.182
52, 0.421186, 6e-06, -2.18199
52, 0.431805, 6e-06, -2.18198
52, 0.44233, 6e-06, -2.18197
52, 0.453797, 6e-06, -2.18195
52, 0.464124, 6e-06, -2.18194
52, 0.474358, 6e-06, -2.18193
52, 0.484499, 6e-06, -2.18192
52, 0.494549, 6e-06, -2.18191
52, 0.504508, 6e-06, -2.1819
52, 0.514377, 6e-06, -2.18189
52, 0.523183, 5e-06, -2.18188
52, 0.533848, 5e-06, -2.18187
52, 0.542495, 5e-06, -2.18186
52, 0.55202, 5e-06, -2.18185
52, 0.561458, 5e-06, -2.18184
52, 0.57081, 5e-06, -2.18183
52, 0.580077, 5e-06, -2.18182
52, 0.58926, 5e-06, -2.18181
52, 0.599264, 5e-06, -2.1818
52, 0.608271, 5e-06, -2.18179
52, 0.617196, 5e-06, -2.18178
52, 0.62604, 4e-06, -2.18177
52, 0.634803, 4e-06, -2.18176
52, 0.643485, 4e-06, -2.18176
52, 0.652088, 4e-06, -2.18175
52, 0.660612, 4e-06, -2.18174
52, 0.669058, 4e-06, -2.18173
52, 0.677427, 4e-06, -2.18173
52, 0.684893, 4e-06, -2.18172
52, 0.693116, 4e-06, -2.18171
52, 0.702075, 4e-06, -2.1817
52, 0.71014, 4e-06, -2.1817
52, 0.717335, 4e-06, -2.18169
52, 0.726049, 4e-06, -2.18168
52, 0.733893, 3e-06, -2.18168
52, 0.740892, 3e-06, -2.18167
52, 0.749367, 3e-06, -2.18166
52, 0.756237, 3e-06, -2.18166
52, 0.763804, 3e-06, -2.18165
52, 0.772046, 3e-06, -2.18165
52, 0.778728, 3e-06, -2.18164
52, 0.78682, 3e-06, -2.18163
52, 0.794104, 3e-06, -2.18163
52, 0.800603, 3e-06, -2.18162
52, 0.809183, 3e-06, -2.18162
52, 0.814851, 3e-06, -2.18161
52, 0.821876, 3e-06, -2.18161
52, 0.828837, 3e-06, -2.18161
52, 0.83642, 3e-06, -2.1816
52, 0.842566, 3e-06, -2.1816
52, 0.850009, 2e-06, -2.18159
52, 0.856042, 2e-06, -2.18159
52, 0.864008, 2e-06, -2.18158
52, 0.869924, 2e-06, -2.18158
52, 0.87644, 2e-06, -2.18158
52, 0.882896, 2e-06, -2.18157
52, 0.889292, 2e-06, -2.18157
52, 0.895629, 2e-06, -2.18156
52, 0.901907, 2e-06, -2.18156
52, 0.908127, 2e-06, -2.18156
52, 0.914289, 2e-06, -2.18155
52, 0.920394, 2e-06, -2.18155
52, 0.926442, 2e-06, -2.18155
52, 0.932435, 2e-06, -2.18155
52, 0.93778, 2e-06, -2.18154
52, 0.943667, 2e-06, -2.18154
52, 0.9495, 2e-06, -2.18154
52, 0.955279, 2e-06, -2.18153
52, 0.961004, 2e-06, -2.18153
52, 0.966676, 2e-06, -2.18153
52, 0.972854, 2e-06, -2.18153
52, 0.978969, 2e-06, -2.18153
52, 0.983926, 2e-06, -2.18152
52, 0.989385, 2e-06, -2.18152
52, 0.994793, 1e-06, -2.18152
52, 1.00015, 1e-06, -2.18152
52, 1.00546, 1e-06, -2.18152
52, 1.01072, 1e-06, -2.18151
52, 1.01645, 1e-06, -2.18151
52, 1.02109, 1e-06, -2.18151
52, 1.0257, 1e-06, -2.18151
52, 1.03077, 1e-06, -2.18151
52, 1.03579, 1e-06, -2.18151
52, 1.04077, 1e-06, -2.18151
52, 1.0457, 1e-06, -2.1815
52, 1.05107, 1e-06, -2.1815
52, 1.05542, 1e-06, -2.1815
52, 1.0607, 1e-06, -2.1815
52, 1.06591, 1e-06, -2.1815
52, 1.07014, 1e-06, -2.1815
52, 1.07527, 1e-06, -2.1815
52, 1.07942, 1e-06, -2.1815
52, 1.08399, 1e-06, -2.18149
52, 1.08852, 1e-06, -2.18149
52, 1.09301, 1e-06, -2.18149
52, 1.09701, 1e-06, -2.18149
52, 1.10142, 1e-06, -2.18149
52, 1.10579, 1e-06, -2.18149
52, 1.11011, 1e-06, -2.18149
52, 1.1144, 1e-06, -2.18149
52, 1.11864, 1e-06, -2.18149
52, 1.12285, 1e-06, -2.18149
52, 1.12743, 1e-06, -2.18149
52, 1.13156, 1e-06, -2.18149
52, 1.13565, 1e-06, -2.18149
52, 1.1397, 1e-06, -2.18149
52, 1.14371, 1e-06, -2.18149
52, 1.14729, 1e-06, -2.18149
52, 1.15123, 1e-06, -2.18149
52, 1.15552, 1e-06, -2.18149
52, 1.15939, 1e-06, -2.18149
52, 1.16321, 1e-06, -2.18149
52, 1.16663, 1e-06, -2.18149
52, 1.17039, 1e-06, -2.18149
52, 1.17449, 1e-06, -2.18149
52, 1.17781, 1e-06, -2.18149
52, 1.18146, 1e-06, -2.18149
52, 1.18509, 1e-06, -2.18149
52, 1.18903, 1e-06, -2.18149
52, 1.19259, 1e-06, -2.18149
52, 1.19575, 1e-06, -2.18149
52, 1.19959, 1e-06, -2.18149
52, 1.20305, 1e-06, -2.18149
52, 1.20647, 1e-06, -2.18149
52, 1.20986, 1e-06, -2.18149
52, 1.21322, 1e-06, -2.18149
52, 1.21655, 1e-06, -2.18149
52, 1.21984, 1e-06, -2.18149
52, 1.22311, 1e-06, -2.18149
52, 1.22634, 1e-06, -2.18149
52, 1.22923, 0, -2.18149
52, 1.23241, 0, -2.18149
52, 1.23556, 0, -2.18149
52, 1.23868, 0, -2.18149
52, 1.24177, 0, -2.18149
52, 1.24514, 0, -2.18149
52, 1.24786, 0, -2.18149
52, 1.25117, 0, -2.18149
52, 1.25414, 0, -2.18149
52, 1.25709, 0, -2.18149
52, 1.26001, 0, -2.18149
52, 1.2629, 0, -2.1815
52, 1.26577, 0, -2.1815
52, 1.2686, 0, -2.1815
52, 1.27142, 0, -2.1815
52, 1.27393, 0, -2.1815
52, 1.27669, 0, -2.1815
52, 1.27943, 0, -2.1815
52, 1.28241, 0, -2.1815
52, 1.28509, 0, -2.1815
52, 1.28749, 0, -2.1815
52, 1.29012, 0, -2.1815
52, 1.29273, 0, -2.1815
52, 1.29558, 0, -2.1815
52, 1.29814, 0, -2.1815
52, 1.30068, 0, -2.18151
52, 1.30319, 0, -2.18151
52, 1.30568, 0, -2.18151
52, 1.30815, 0, -2.18151
52, 1.31059, 0, -2.18151
52, 1.31277, 0, -2.18151
52, 1.31542, 0, -2.18151
52, 1.31779, 0, -2.18151
52, 1.31991, 0, -2.18151
52, 1.32248, 0, -2.18151
52, 1.32456, 0, -2.18151
52, 1.32685, 0, -2.18151
52, 1.32935, 0, -2.18151
52, 1.33159, 0, -2.18152
52, 1.3336, 0, -2.18152
52, 1.33603, 0, -2.18152
52, 1.33821, 0, -2.18152
52, 1.34038, 0, -2.18152
52, 1.34252, 0, -2.18152
52, 1.34464, 0, -2.18152
52, 1.34675, 0, -2.18152
52, 1.34883, 0, -2.18152
52, 1.3509, 0, -2.18152
52, 1.35295, 0, -2.18152
52, 1.35497, 0, -2.18152
52, 1.35698, 0, -2.18152
52, 1.35877, 0, -2.18153
52, 1.36075, 0, -2.18153
52, 1.3627, 0, -2.18153
52, 1.36464, 0, -2.18153
52, 1.36675, 0, -2.18153
52, 1.36846, 0, -2.18153
52, 1.37053, 0, -2.18153
52, 1.37239, 0, -2.18153
52, 1.37424, 0, -2.18153
52, 1.37589, 0, -2.18153
52, 1.37788, 0, -2.18153
52, 1.3795, 0, -2.18153
52, 1.38145, 0, -2.18153
52, 1.38339, 0, -2.18154
52, 1.38496, 0, -2.18154
52, 1.38652, 0, -2.18154
52, 1.38823, 0, -2.18154
52, 1.38993, 0, -2.18154
52, 1.39178, 0, -2.18154
52, 1.39328, 0, -2.18154
52, 1.39494, 0, -2.18154
52, 1.39674, 0, -2.18154
52, 1.39836, 0, -2.18154
52, 1.39996, 0, -2.18154
52, 1.40155, 0, -2.18154
52, 1.40312, 0, -2.18154
52, 1.40469, 0, -2.18155
52, 1.40623, 0, -2.18155
52, 1.40776, 0, -2.18155
52, 1.40928, 0, -2.18155
52, 1.41078, 0, -2.18155
52, 1.41213, 0, -2.18155
52, 1.4136, 0, -2.18155
52, 1.41506, 0, -2.18155
52, 1.41651, 0, -2.18155
52, 1.41795, 0, -2.18155
52, 1.41937, 0, -2.18155
52, 1.42078, 0, -2.18155
52, 1.42218, 0, -2.18155
52, 1.4237, 0, -2.18156
52, 1.42507, 0, -2.18156
52, 1.42642, 0, -2.18156
52, 1.42777, 0, -2.18156
52, 1.4291, 0, -2.18156
52, 1.43042, 0, -2.18156
52, 1.43172, 0, -2.18156
52, 1.43302, 0, -2.18156
52, 1.43519, 0, -2.18156
52, 1.43607, 0, -2.18156
52, 1.4367, 0, -2.18156
52, 1.43795, 0, -2.18156
52, 1.43931, 0, -2.18156
52, 1.44053, 0, -2.18157
52, 1.44163, 0, -2.18157
52, 1.44283, 0, -2.18157
52, 1.44402, 0, -2.18157
52, 1.44532, 0, -2.18157
52, 1.44648, 0, -2.18157
52, 1.44764, 0, -2.18157
52, 1.44879, 0, -2.18157
52, 1.44992, 0, -2.18157
52, 1.45105, 0, -2.18157
52, 1.45216, 0, -2.18157
52, 1.45327, 0, -2.18157
52, 1.45436, 0, -2.18157
52, 1.45534, 0, -2.18158
52, 1.45652, 0, -2.18158
52, 1.45747, 0, -2.18158
52, 1.45853, 0, -2.18158
52, 1.45957, 0, -2.18158
52, 1.46071, 0, -2.18158
52, 1.46163, 0, -2.18158
52, 1.46265, 0, -2.18158
52, 1.46366, 0, -2.18158
52, 1.46475, 0, -2.18158
52, 1.46574, 0, -2.18158
52, 1.46672, 0, -2.18158
52, 1.46778, 0, -2.18158
52, 1.46865, 0, -2.18158
52, 1.4695, 0, -2.18158
52, 1.47054, 0, -2.18158
52, 1.47147, 0, -2.18159
52, 1.4723, 0, -2.18159
52, 1.47322, 0, -2.18159
52, 1.47413, 0, -2.18159
52, 1.47503, 0, -2.18159
52, 1.47592, 0, -2.18159
52, 1.47689, 0, -2.18159
52, 1.47776, 0, -2.18159
52, 1.47863, 0, -2.18159
52, 1.47949, 0, -2.18159
52, 1.48034, 0, -2.18159
52, 1.48118, 0, -2.18159
52, 1.48201, 0, -2.18159
52, 1.48284, 0, -2.18159
52, 1.48366, 0, -2.18159
52, 1.48447, 0, -2.18159
52, 1.48527, 0, -2.18159
52, 1.48607, 0, -2.1816
52, 1.48678, 0, -2.1816
52, 1.48756, 0, -2.1816
52, 1.48833, 0, -2.1816
52, 1.4891, 0, -2.1816
52, 1.48986, 0, -2.1816
52, 1.49062, 0, -2.1816
52, 1.49136, 0, -2.1816
52, 1.49218, 0, -2.1816
52, 1.49291, 0, -2.1816
52, 1.49363, 0, -2.1816
52, 1.49435, 0, -2.1816
52, 1.49506, 0, -2.1816
52, 1.49577, 0, -2.1816
52, 1.49646, 0, -2.1816
52, 1.49716, 0, -2.1816
52, 1.49791, 0, -2.1816
52, 1.49845, 0, -2.1816
52, 1.49919, 0, -2.1816
52, 1.49979, 0, -2.1816
52, 1.50045, 0, -2.1816
52, 1.50117, 0, -2.18161
52, 1.50176, 0, -2.18161
52, 1.5024, 0, -2.18161
52, 1.50304, 0, -2.18161
52, 1.50373, 0, -2.18161
52, 1.50435, 0, -2.18161
52, 1.50497, 0, -2.18161
52, 1.50558, 0, -2.18161
52, 1.50619, 0, -2.18161
52, 1.50679, 0, -2.18161
52, 1.50733, 0, -2.18161
52, 1.50798, 0, -2.18161
52, 1.5085, 0, -2.18161
52, 1.50909, 0, -2.18161
52, 1.50966, 0, -2.18161
52, 1.51023, 0, -2.18161
52, 1.51079, 0, -2.18161
52, 1.51135, 0, -2.18161
52, 1.51196, 0, -2.18161
52, 1.51245, 0, -2.18161
52, 1.51305, 0, -2.18161
52, 1.51359, 0, -2.18161
52, 1.51412, 0, -2.18161
52, 1.51465, 0, -2.18162
52, 1.51517, 0, -2.18162
52, 1.51569, 0, -2.18162
52, 1.5162, 0, -2.18162
52, 1.51671, 0, -2.18162
52, 1.51721, 0, -2.18162
52, 1.51771, 0, -2.18162
52, 1.5182, 0, -2.18162
52, 1.51864, 0, -2.18162
52, 1.51913, 0, -2.18162
52, 1.51961, 0, -2.18162
52, 1.52009, 0, -2.18162
52, 1.52056, 0, -2.18162
52, 1.52103, 0, -2.18162
52, 1.52149, 0, -2.18162
52, 1.52199, 0, -2.18162
52, 1.52245, 0, -2.18162
52, 1.5229, 0, -2.18162
52, 1.52334, 0, -2.18162
52, 1.52378, 0, -2.18162
52, 1.52422, 0, -2.18162
52, 1.52461, 0, -2.18162
52, 1.52509, 0, -2.18162
52, 1.52551, 0, -2.18162
52, 1.52589, 0, -2.18162
52, 1.52635, 0, -2.18162
52, 1.52672, 0, -2.18162
52, 1.52717, 0, -2.18162
52, 1.52754, 0, -2.18163
52, 1.52798, 0, -2.18163
52, 1.52834, 0, -2.18163
52, 1.52877, 0, -2.18163
52, 1.52917, 0, -2.18163
52, 1.52955, 0, -2.18163
52, 1.52994, 0, -2.18163
52, 1.53032, 0, -2.18163
52, 1.53069, 0, -2.18163
52, 1.53107, 0, -2.18163
52, 1.53147, 0, -2.18163
52, 1.53177, 0, -2.18163
52, 1.53217, 0, -2.18163
52, 1.53249, 0, -2.18163
52, 1.53285, 0, -2.18163
52, 1.5332, 0, -2.18163
52, 1.53355, 0, -2.18163
52, 1.5339, 0, -2.18163
52, 1.53424, 0, -2.18163
52, 1.53458, 0, -2.18163
52, 1.53492, 0, -2.18163
52, 1.53532, 0, -2.18163
52, 1.53561, 0, -2.18163
52, 1.53594, 0, -2.18163
52, 1.53627, 0, -2.18163
52, 1.53659, 0, -2.18163
52, 1.53687, 0, -2.18163
52, 1.53725, 0, -2.18163
52, 1.5375, 0, -2.18163
52, 1.53784, 0, -2.18163
52, 1.53812, 0, -2.18163
52, 1.53842, 0, -2.18163
52, 1.53872, 0, -2.18163
52, 1.53902, 0, -2.18163
52, 1.53935, 0, -2.18163
52, 1.53961, 0, -2.18163
52, 1.53993, 0, -2.18163
52, 1.54022, 0, -2.18164
52, 1.5405, 0, -2.18164
52, 1.54079, 0, -2.18164
52, 1.54106, 0, -2.18164
52, 1.54134, 0, -2.18164
52, 1.54161, 0, -2.18164
52, 1.54189, 0, -2.18164
52, 1.54216, 0, -2.18164
52, 1.54242, 0, -2.18164
52, 1.54266, 0, -2.18164
52, 1.54292, 0, -2.18164
52, 1.54318, 0, -2.18164
52, 1.54344, 0, -2.18164
52, 1.54369, 0, -2.18164
52, 1.54394, 0, -2.18164
52, 1.54419, 0, -2.18164
52, 1.54447, 0, -2.18164
52, 1.54471, 0, -2.18164
52, 1.54496, 0, -2.18164
52, 1.5452, 0, -2.18164
52, 1.54543, 0, -2.18164
52, 1.54565, 0, -2.18164
52, 1.5459, 0, -2.18164
52, 1.54614, 0, -2.18164
52, 1.54636, 0, -2.18164
52, 1.54657, 0, -2.18164
52, 1.54682, 0, -2.18164
52, 1.54702, 0, -2.18164
52, 1.54724, 0, -2.18164
52, 1.54746, 0, -2.18164
52, 1.54768, 0, -2.18164
52, 1.54789, 0, -2.18164
52, 1.54813, 0, -2.18164
52, 1.54834, 0, -2.18164
52, 1.54855, 0, -2.18164
52, 1.54875, 0, -2.18164
52, 1.54896, 0, -2.18164
52, 1.54916, 0, -2.18164
52, 1.54936, 0, -2.18164
52, 1.54954, 0, -2.18164
52, 1.54976, 0, -2.18164
52, 1.54996, 0, -2.18164
52, 1.55013, 0, -2.18164
52, 1.55032, 0, -2.18164
52, 1.55051, 0, -2.18164
52, 1.55072, 0, -2.18164
52, 1.55091, 0, -2.18164
52, 1.55109, 0, -2.18165
52, 1.55128, 0, -2.18165
52, 1.55146, 0, -2.18165
52, 1.55164, 0, -2.18165
52, 1.55182, 0, -2.18165
52, 1.55199, 0, -2.18165
52, 1.55217, 0, -2.18165
52, 1.55234, 0, -2.18165
52, 1.55251, 0, -2.18165
52, 1.55268, 0, -2.18165
52, 1.55285, 0, -2.18165
52, 1.553, 0, -2.18165
52, 1.55318, 0, -2.18165
52, 1.55333, 0, -2.18165
52, 1.55349, 0, -2.18165
52, 1.55366, 0, -2.18165
52, 1.55381, 0, -2.18165
52, 1.55397, 0, -2.18165
52, 1.55413, 0, -2.18165
52, 1.5543, 0, -2.18165
52, 1.55445, 0, -2.18165
52, 1.55461, 0, -2.18165
52, 1.55476, 0, -2.18165
52, 1.5549, 0, -2.18165
52, 1.55505, 0, -2.18165
52, 1.5552, 0, -2.18165
52, 1.55534, 0, -2.18165
52, 1.55549, 0, -2.18165
52, 1.55563, 0, -2.18165
52, 1.55576, 0, -2.18165
52, 1.5559, 0, -2.18165
52, 1.55604, 0, -2.18165
52, 1.55617, 0, -2.18165
52, 1.55632, 0, -2.18165
52, 1.55645, 0, -2.18165
52, 1.55659, 0, -2.18165
52, 1.55672, 0, -2.18165
52, 1.55686, 0, -2.18165
52, 1.55699, 0, -2.18165
52, 1.55711, 0, -2.18165
52, 1.55724, 0, -2.18165
52, 1.55737, 0, -2.18165
52, 1.55749, 0, -2.18165
52, 1.55762, 0, -2.18165
52, 1.55774, 0, -2.18165
52, 1.55785, 0, -2.18165
52, 1.55797, 0, -2.18165
52, 1.55809, 0, -2.18165
52, 1.55821, 1e-06, -2.18165
52, 1.55832, 1e-06, -2.18165
52, 1.55844, 1e-06, -2.18165
52, 1.55855, 1e-06, -2.18165
52, 1.55868, 0, -2.18165
52, 1.55879, 0, -2.18165
52, 1.5589, 0, -2.18165
52, 1.55902, 0, -2.18165
52, 1.55912, 0, -2.18165
52, 1.55923, 0, -2.18165
52, 1.55934, 0, -2.18165
52, 1.55945, 0, -2.18165
52, 1.55955, 0, -2.18165
52, 1.55966, 0, -2.18165
52, 1.55975, 0, -2.18165
52, 1.55985, 0, -2.18165
52, 1.55997, 0, -2.18165
52, 1.56007, 0, -2.18165
52, 1.56016, 0, -2.18165
52, 1.56025, 0, -2.18165
52, 1.56036, 0, -2.18165
52, 1.56045, 0, -2.18165
52, 1.56055, 0, -2.18165
52, 1.56065, 0, -2.18165
52, 1.56075, 0, -2.18165
52, 1.56084, 0, -2.18165
52, 1.56093, 0, -2.18165
52, 1.56102, 0, -2.18165
52, 1.56111, 0, -2.18165
52, 1.5612, 0, -2.18165
52, 1.56129, 0, -2.18165
52, 1.56137, 0, -2.18165
52, 1.56146, 0, -2.18165
52, 1.56155, 0, -2.18165
52, 1.56164, 0, -2.18165
52, 1.56172, 0, -2.18165
52, 1.5618, 0, -2.18165
52, 1.56189, 0, -2.18165
52, 1.56198, 0, -2.18165
52, 1.56206, 0, -2.18165
52, 1.56214, 0, -2.18165
52, 1.56222, 0, -2.18165
52, 1.56229, 0, -2.18165
52, 1.56238, 0, -2.18165
52, 1.56246, 0, -2.18165
52, 1.56255, 0, -2.18165
52, 1.56262, 0, -2.18165
52, 1.56268, 0, -2.18165
52, 1.56277, 0, -2.18166
52, 1.56283, 0, -2.18166
52, 1.56291, 0, -2.18166
52, 1.56298, 0, -2.18166
52, 1.56305, 0, -2.18166
52, 1.56313, 0, -2.18166
52, 1.5632, 0, -2.18166
52, 1.56327, 0, -2.18166
52, 1.56334, 0, -2.18166
52, 1.56341, 0, -2.18166
52, 1.56348, 0, -2.18166
52, 1.56355, 0, -2.18166
52, 1.56362, 0, -2.18166
52, 1.56368, 0, -2.18166
52, 1.56375, 0, -2.18166
52, 1.56381, 0, -2.18166
52, 1.56388, 0, -2.18166
52, 1.56394, 0, -2.18166
52, 1.56401, 0, -2.18166
52, 1.56407, 0, -2.18166
52, 1.56413, 0, -2.18166
52, 1.56419, 0, -2.18166
52, 1.56425, 0, -2.18166
52, 1.56431, 0, -2.18166
52, 1.56439, 0, -2.18166
52, 1.56444, 0, -2.18166
52, 1.5645, 0, -2.18166
52, 1.56456, 0, -2.18166
52, 1.56462, 0, -2.18166
52, 1.56467, 0, -2.18166
52, 1.56472, 0, -2.18166
52, 1.56479, 0, -2.18166
52, 1.56484, 0, -2.18166
52, 1.5649, 0, -2.18166
52, 1.56495, 0, -2.18166
52, 1.565, 0, -2.18166
52, 1.56506, 0, -2.18166
52, 1.56511, 0, -2.18166
52, 1.56516, 0, -2.18166
52, 1.56522, 0, -2.18166
52, 1.56527, 0, -2.18166
52, 1.56532, 0, -2.18166
52, 1.56537, 0, -2.18166
52, 1.56543, 0, -2.18166
52, 1.56547, 0, -2.18166
52, 1.56552, 0, -2.18166
52, 1.56557, 0, -2.18166
52, 1.56562, 0, -2.18166
52, 1.56567, 0, -2.18166
52, 1.56571, 0, -2.18166
52, 1.56577, 0, -2.18166
52, 1.56581, 0, -2.18166
52, 1.56585, 0, -2.18166
52, 1.5659, 0, -2.18166
52, 1.56594, 0, -2.18166
52, 1.56599, 0, -2.18166
52, 1.56604, 0, -2.18166
52, 1.56608, 0, -2.18166
52, 1.56613, 0, -2.18166
52, 1.56617, 0, -2.18166
52, 1.56621, 0, -2.18166
52, 1.56626, 0, -2.18166
52, 1.5663, 0, -2.18166
52, 1.56634, 0, -2.18166
52, 1.56638, 0, -2.18166
52, 1.56642, 0, -2.18166
52, 1.56646, 0, -2.18166
52, 1.5665, 0, -2.18166
52, 1.56654, 0, -2.18166
52, 1.56658, 0, -2.18166
52, 1.56662, 0, -2.18166
52, 1.56666, 0, -2.18166
52, 1.5667, 0, -2.18166
52, 1.56674, 0, -2.18166
52, 1.56678, 0, -2.18166
52, 1.56681, 0, -2.18166
52, 1.56685, 0, -2.18166
52, 1.56689, 0, -2.18166
52, 1.56692, 0, -2.18166
52, 1.56696, 0, -2.18166
52, 1.567, 0, -2.18166
52, 1.56703, 0, -2.18166
52, 1.56707, 0, -2.18166
52, 1.5671, 0, -2.18166
52, 1.56713, 0, -2.18166
52, 1.56717, 0, -2.18166
52, 1.5672, 0, -2.18166
52, 1.56723, 0, -2.18166
52, 1.56727, 0, -2.18166
52, 1.5673, 0, -2.18166
52, 1.56733, 0, -2.18166
52, 1.56737, 0, -2.18166
52, 1.5674, 0, -2.18166
52, 1.56743, 0, -2.18166
52, 1.56747, 0, -2.18166
52, 1.56749, 0, -2.18166
52, 1.56752, 0, -2.18166
52, 1.56755, 0, -2.18166
52, 1.56758, 0, -2.18166
52, 1.56761, 0, -2.18166
52, 1.56764, 0, -2.18166
52, 1.56767, 0, -2.18166
52, 1.5677, 0, -2.18166
52, 1.56773, 0, -2.18166
52, 1.56776, 0, -2.18166
52, 1.56779, 1e-06, -2.18166
52, 1.56782, 1e-06, -2.18166
52, 1.56784, 1e-06, -2.18166
52, 1.56787, 1e-06, -2.18166
52, 1.5679, 1e-06, -2.18166
52, 1.56793, 0, -2.18166
52, 1.56795, 0, -2.18166
52, 1.56798, 0, -2.18166
52, 1.568, 0, -2.18166
52, 1.56803, 0, -2.18166
52, 1.56805, 0, -2.18166
52, 1.56808, 0, -2.18166
52, 1.56811, 0, -2.18166
52, 1.56814, 0, -2.18166
52, 1.56815, 0, -2.18166
52, 1.56818, 0, -2.18166
52, 1.56821, 0, -2.18166
52, 1.56823, 0, -2.18166
52, 1.56825, 0, -2.18166
52, 1.56828, 0, -2.18166
52, 1.5683, 0, -2.18166
52, 1.56832, 0, -2.18166
52, 1.56835, 0, -2.18166
52, 1.56837, 0, -2.18166
52, 1.56839, 0, -2.18166
52, 1.56841, 0, -2.18166
52, 1.56844, 0, -2.18166
52, 1.56846, 0, -2.18166
52, 1.56848, 0, -2.18166
52, 1.5685, 0, -2.18166
52, 1.56852, 0, -2.18166
52, 1.56855, 0, -2.18166
52, 1.56856, 0, -2.18166
52, 1.56858, 0, -2.18166
52, 1.56861, 0, -2.18166
52, 1.56863, 0, -2.18166
52, 1.56865, 0, -2.18166
52, 1.56867, 0, -2.18166
52, 1.56869, 0, -2.18166
52, 1.56871, 0, -2.18166
52, 1.56873, 0, -2.18166
52, 1.56875, 0, -2.18166
52, 1.56876, 0, -2.18166
52, 1.56878, 0, -2.18166
52, 1.5688, 0, -2.18166
52, 1.56882, 0, -2.18166
52, 1.56884, 0, -2.18166
52, 1.56886, 0, -2.18166
52, 1.56887, 0, -2.18166
52, 1.56889, 0, -2.18166
52, 1.56891, 0, -2.18166
52, 1.56893, 0, -2.18166
52, 1.56895, 0, -2.18166
52, 1.56896, 0, -2.18166
52, 1.56898, 0, -2.18166
52, 1.569, 0, -2.18166
52, 1.56901, 0, -2.18166
52, 1.56903, 0, -2.18166
52, 1.56905, 0, -2.18166
52, 1.56906, 0, -2.18166
52, 1.56908, 0, -2.18166
52, 1.56909, 0, -2.18166
52, 1.56911, 0, -2.18166
52, 1.56913, 0, -2.18166
52, 1.56914, 0, -2.18166
52, 1.56916, 0, -2.18166
52, 1.56917, 0, -2.18166
52, 1.56919, 0, -2.18166
52, 1.5692, 0, -2.18166
52, 1.56922, 0, -2.18166
52, 1.56923, 0, -2.18166
52, 1.56925, 0, -2.18166
52, 1.56926, 0, -2.18166
52, 1.56928, 0, -2.18166
52, 1.56929, 0, -2.18166
52, 1.5693, 0, -2.18166
52, 1.56932, 0, -2.18166
52, 1.56933, 0, -2.18166
52, 1.56935, 0, -2.18166
52, 1.56936, 0, -2.18166
52, 1.56937, 0, -2.18166
52, 1.56938, 0, -2.18166
52, 1.5694, 0, -2.18166
52, 1.56941, 0, -2.18166
52, 1.56942, 0, -2.18166
52, 1.56944, 0, -2.18166
52, 1.56945, 0, -2.18166
52, 1.56946, 0, -2.18166
52, 1.56947, 0, -2.18166
52, 1.56949, 0, -2.18166
52, 1.5695, 0, -2.18166
52, 1.56951, 0, -2.18166
52, 1.56952, 0, -2.18166
52, 1.56953, 0, -2.18166
52, 1.56955, 0, -2.18166
52, 1.56956, 0, -2.18166
52, 1.56957, 0, -2.18166
52, 1.56958, 0, -2.18166
52, 1.56959, 0, -2.18166
52, 1.5696, 0, -2.18166
52, 1.56961, 0, -2.18166
52, 1.56963, 0, -2.18166
52, 1.56964, 0, -2.18166
52, 1.56965, 0, -2.18166
52, 1.56966, 0, -2.18166
52, 1.56967, 0, -2.18166
52, 1.56968, 0, -2.18166
52, 1.56969, 0, -2.18166
52, 1.5697, 0, -2.18166
52, 1.56971, 0, -2.18166
52, 1.56972, 0, -2.18166
52, 1.56973, 0, -2.18166
52, 1.56974, 0, -2.18166
52, 1.56975, 0, -2.18166
52, 1.56976, 0, -2.18166
52, 1.56977, 0, -2.18166
52, 1.56978, 0, -2.18166
52, 1.56979, 0, -2.18166
52, 1.5698, 0, -2.18166
52, 1.56981, 0, -2.18166
52, 1.56982, 0, -2.18166
52, 1.56983, 0, -2.18166
52, 1.56984, 0, -2.18166
52, 1.56984, 0, -2.18166
52, 1.56985, 0, -2.18166
52, 1.56986, 0, -2.18166
52, 1.56987, 0, -2.18166
52, 1.56988, 0, -2.18166
52, 1.56989, 0, -2.18166
52, 1.5699, 0, -2.18166
52, 1.5699, 0, -2.18166
52, 1.56991, 0, -2.18166
52, 1.56992, 0, -2.18166
52, 1.56993, 0, -2.18166
52, 1.56994, 0, -2.18166
52, 1.56994, 0, -2.18166
52, 1.56995, 0, -2.18166
52, 1.56996, 0, -2.18166
52, 1.56997, 0, -2.18166
52, 1.56998, 0, -2.18166
52, 1.56998, 0, -2.18166
52, 1.56999, 0, -2.18166
52, 1.57, 0, -2.18166
52, 1.57001, 0, -2.18166
52, 1.57001, 0, -2.18166
52, 1.57002, 0, -2.18166
52, 1.57003, 0, -2.18166
52, 1.57004, 0, -2.18166
52, 1.57004, 0, -2.18166
52, 1.57005, 0, -2.18166
52, 1.57006, 0, -2.18166
52, 1.57006, 0, -2.18166
52, 1.57007, 0, -2.18166
52, 1.57008, 0, -2.18166
52, 1.57008, 0, -2.18166
52, 1.57009, 0, -2.18166
52, 1.5701, 0, -2.18166
52, 1.5701, 0, -2.18166
52, 1.57011, 0, -2.18166
52, 1.57012, 0, -2.18166
52, 1.57012, 0, -2.18166
52, 1.57013, 0, -2.18166
52, 1.57013, 0, -2.18166
52, 1.57014, 0, -2.18166
52, 1.57015, 0, -2.18166
52, 1.57015, 0, -2.18166
52, 1.57016, 0, -2.18166
52, 1.57016, 0, -2.18166
52, 1.57017, 0, -2.18166
52, 1.57018, 0, -2.18166
52, 1.57018, 0, -2.18166
52, 1.57019, 0, -2.18166
52, 1.57019, 0, -2.18166
52, 1.5702, 1e-06, -2.18166
52, 1.57021, 1e-06, -2.18166
52, 1.57021, 1e-06, -2.18166
52, 1.57022, 1e-06, -2.18166
52, 1.57022, 1e-06, -2.18166
52, 1.57023, 0, -2.18166
52, 1.57023, 0, -2.18166
52, 1.57024, 0, -2.18166
52, 1.57024, 0, -2.18166
52, 1.57025, 0, -2.18166
52, 1.57025, 0, -2.18166
52, 1.57026, 0, -2.18166
52, 1.57026, 0, -2.18166
52, 1.57027, 0, -2.18166
52, 1.57027, 0, -2.18166
52, 1.57028, 0, -2.18166
52, 1.57028, 0, -2.18166
52, 1.57029, 0, -2.18166
52, 1.57029, 0, -2.18166
52, 1.5703, 0, -2.18166
52, 1.5703, 0, -2.18166
52, 1.57031, 0, -2.18166
52, 1.57031, 0, -2.18166
52, 1.57031, 0, -2.18166
52, 1.57032, 0, -2.18166
52, 1.57032, 0, -2.18166
52, 1.57033, 0, -2.18166
52, 1.57033, 0, -2.18166
52, 1.57034, 0, -2.18166
52, 1.57034, 0, -2.18166
52, 1.57035, 0, -2.18166
52, 1.57035, 0, -2.18166
52, 1.57035, 0, -2.18166
52, 1.57036, 0, -2.18166
52, 1.57036, 0, -2.18166
52, 1.57037, 0, -2.18166
52, 1.57037, 0, -2.18166
52, 1.57037, 0, -2.18166
52, 1.57038, 0, -2.18166
52, 1.57038, 0, -2.18166
52, 1.57038, 0, -2.18166
52, 1.57039, 0, -2.18166
52, 1.57039, 0, -2.18166
52, 1.5704, 0, -2.18166
52, 1.5704, 0, -2.18166
52, 1.5704, 0, -2.18166
52, 1.57041, 0, -2.18166
52, 1.57041, 0, -2.18166
52, 1.57041, 0, -2.18166
52, 1.57042, 0, -2.18166
52, 1.57042, 0, -2.18166
52, 1.57043, 0, -2.18166
52, 1.57043, 0, -2.18166
52, 1.57043, 0, -2.18166
52, 1.57044, 0, -2.18166
52, 1.57044, 0, -2.18166
52, 1.57044, 0, -2.18166
52, 1.57045, 0, -2.18166
52, 1.57045, 0, -2.18166
52, 1.57045, 0, -2.18166
52, 1.57046, 0, -2.18166
52, 1.57046, 0, -2.18166
52, 1.57046, 0, -2.18166
52, 1.57046, 0, -2.18166
52, 1.57047, 0, -2.18166
52, 1.57047, 0, -2.18166
52, 1.57047, 0, -2.18166
52, 1.57048, 0, -2.18166
52, 1.57048, 0, -2.18166
52, 1.57048, 0, -2.18166
52, 1.57049, 0, -2.18166
52, 1.57049, 0, -2.18166
52, 1.57049, 0, -2.18166
52, 1.57049, 0, -2.18166
52, 1.5705, 0, -2.18166
52, 1.5705, 0, -2.18166
52, 1.5705, 0, -2.18166
52, 1.57051, 0, -2.18166
52, 1.57051, 0, -2.18166
52, 1.57051, 0, -2.18166
52, 1.57051, 0, -2.18166
52, 1.57052, 0, -2.18166
52, 1.57052, 0, -2.18166
52, 1.57052, 0, -2.18166
52, 1.57052, 0, -2.18166
52, 1.57053, 0, -2.18166
52, 1.57053, 0, -2.18166
52, 1.57053, 0, -2.18166
52, 1.57053, 0, -2.18166
52, 1.57054, 0, -2.18166
52, 1.57054, 0, -2.18166
52, 1.57054, 0, -2.18166
52, 1.57054, 0, -2.18166
52, 1.57055, 0, -2.18166
52, 1.57055, 0, -2.18166
52, 1.57055, 0, -2.18166
52, 1.57055, 0, -2.18166
52, 1.57055, 0, -2.18166
52, 1.57056, 0, -2.18166
52, 1.57056, 0, -2.18166
52, 1.57056, 0, -2.18166
52, 1.57056, 0, -2.18166
52, 1.57057, 0, -2.18166
52, 1.57057, 0, -2.18166
52, 1.57057, 0, -2.18166
52, 1.57057, 0, -2.18166
52, 1.57058, 0, -2.18166
52, 1.57058, 0, -2.18166
52, 1.57058, 0, -2.18166
52, 1.57058, 0, -2.18166
52, 1.57058, 0, -2.18166
52, 1.57058, 0, -2.18166
52, 1.57059, 0, -2.18166
52, 1.57059, 0, -2.18166
52, 1.57059, 0, -2.18166
52, 1.57059, 0, -2.18166
52, 1.57059, 0, -2.18166
52, 1.5706, 0, -2.18166
52, 1.5706, 0, -2.18166
52, 1.5706, 0, -2.18166
52, 1.5706, 0, -2.18166
52, 1.5706, 0, -2.18166
52, 1.57061, 0, -2.18166
52, 1.57061, 0, -2.18166
52, 1.57061, 0, -2.18166
52, 1.57061, 0, -2.18166
52, 1.57061, 0, -2.18166
52, 1.57061, 0, -2.18166
52, 1.57062, 0, -2.18166
52, 1.57062, 0, -2.18166
52, 1.57062, 0, -2.18166
52, 1.57062, 0, -2.18166
52, 1.57062, 0, -2.18166
52, 1.57062, 0, -2.18166
52, 1.57063, 0, -2.18166
52, 1.57063, 0, -2.18166
52, 1.57063, 0, -2.18166
52, 1.57063, 0, -2.18166
52, 1.57063, 0, -2.18166
52, 1.57063, 0, -2.18166
52, 1.57064, 0, -2.18166
52, 1.57064, 0, -2.18166
52, 1.57064, 0, -2.18166
52, 1.57064, 0, -2.18166
52, 1.57064, 0, -2.18166
52, 1.57064, 0, -2.18166
52, 1.57064, 0, -2.18166
52, 1.57065, 0, -2.18166
52, 1.57065, 0, -2.18166
52, 1.57065, 0, -2.18166
52, 1.57065, 0, -2.18166
52, 1.57065, 0, -2.18166
52, 1.57065, 0, -2.18166
52, 1.57065, 0, -2.18166
52, 1.57065, 0, -2.18166
52, 1.57066, 0, -2.18166
52, 1.57066, 0, -2.18166
52, 1.57066, 0, -2.18166
52, 1.57066, 0, -2.18166
52, 1.57066, 0, -2.18166
52, 1.57066, 0, -2.18166
52, 1.57066, 0, -2.18166
52, 1.57066, 0, -2.18166
52, 1.57067, 0, -2.18166
52, 1.57067, 0, -2.18166
52, 1.57067, 0, -2.18166
52, 1.57067, 0, -2.18166
52, 1.57067, 0, -2.18166
52, 1.57067, 0, -2.18166
52, 1.57067, 0, -2.18166
52, 1.57067, 0, -2.18166
52, 1.57068, 1e-06, -2.18166
52, 1.57068, 1e-06, -2.18166
52, 1.57068, 1e-06, -2.18166
52, 1.57068, 1e-06, -2.18166
52, 1.57068, 1e-06, -2.18166
52, 1.57068, 0, -2.18166
52, 1.57068, 0, -2.18166
52, 1.57068, 0, -2.18166
52, 1.57068, 0, -2.18166
52, 1.57069, 0, -2.18166
52, 1.57069, 0, -2.18166
52, 1.57069, 0, -2.18166
52, 1.57069, 0, -2.18166
52, 1.57069, 0, -2.18166
52, 1.57069, 0, -2.18166
52, 1.57069, 0, -2.18166
52, 1.57069, 0, -2.18166
52, 1.57069, 0, -2.18166
52, 1.57069, 0, -2.18166
52, 1.57069, 0, -2.18166
52, 1.5707, 0, -2.18166
52, 1.5707, 0, -2.18166
52, 1.5707, 0, -2.18166
52, 1.5707, 0, -2.18166
52, 1.5707, 0, -2.18166
52, 1.5707, 0, -2.18166
52, 1.5707, 0, -2.18166
52, 1.5707, 0, -2.18166
52, 1.5707, 0, -2.18166
52, 1.5707, 0, -2.18166
52, 1.57071, 0, -2.18166
52, 1.57071, 0, -2.18166
52, 1.57071, 0, -2.18166
52, 1.57071, 0, -2.18166
52, 1.57071, 0, -2.18166
52, 1.57071, 0, -2.18166
52, 1.57071, 0, -2.18166
52, 1.57071, 0, -2.18166
52, 1.57071, 0, -2.18166
52, 1.57071, 0, -2.18166
52, 1.57071, 0, -2.18166
52, 1.57071, 0, -2.18166
52, 1.57072, 0, -2.18166
52, 1.57072, 0, -2.18166
52, 1.57072, 0, -2.18166
52, 1.57072, 0, -2.18166
52, 1.57072, 0, -2.18166
52, 1.57072, 0, -2.18166
52, 1.57072, 0, -2.18166
52, 1.57072, 0, -2.18166
52, 1.57072, 0, -2.18166
52, 1.57072, 0, -2.18166
52, 1.57072, 0, -2.18166
52, 1.57072, 0, -2.18166
52, 1.57072, 0, -2.18166
52, 1.57072, 0, -2.18166
52, 1.57072, 0, -2.18166
52, 1.57073, 0, -2.18166
52, 1.57073, 0, -2.18166
52, 1.57073, 0, -2.18166
52, 1.57073, 0, -2.18166
52, 1.57073, 0, -2.18166
52, 1.57073, 0, -2.18166
52, 1.57073, 0, -2.18166
52, 1.57073, 0, -2.18166
52, 1.57073, 0, -2.18166
52, 1.57073, 0, -2.18166
52, 1.57073, 0, -2.18166
52, 1.57073, 0, -2.18166
52, 1.57073, 0, -2.18166
52, 1.57073, 0, -2.18166
52, 1.57073, 0, -2.18166
52, 1.57073, 0, -2.18166
52, 1.57073, 0, -2.18166
52, 1.57074, 0, -2.18166
52, 1.57074, 0, -2.18166
52, 1.57074, 0, -2.18166
52, 1.57074, 0, -2.18166
52, 1.57074, 0, -2.18166
52, 1.57074, 0, -2.18166
52, 1.57074, 0, -2.18166
52, 1.57074, 0, -2.18166
52, 1.57074, 0, -2.18166
52, 1.57074, 0, -2.18166
52, 1.57074, 0, -2.18166
52, 1.57074, 0, -2.18166
52, 1.57074, 0, -2.18166
52, 1.57074, 0, -2.18166
52, 1.57074, 0, -2.18166
52, 1.57074, 0, -2.18166
52, 1.57074, 0, -2.18166
52, 1.57075, 0, -2.18166
52, 1.57075, 0, -2.18166
52, 1.57075, 0, -2.18166
52, 1.57075, 0, -2.18166
52, 1.57075, 0, -2.18166
52, 1.57075, 0, -2.18166
52, 1.57075, 0, -2.18166
52, 1.57075, 0, -2.18166
52, 1.57075, 0, -2.18166
52, 1.57075, 0, -2.18166
52, 1.57075, 0, -2.18166
52, 1.57075, 0, -2.18166
52, 1.57075, 0, -2.18166
52, 1.57075, 0, -2.18166
52, 1.57075, 0, -2.18166
52, 1.57075, 0, -2.18166
52, 1.57075, 0, -2.18166
52, 1.57075, 0, -2.18166
52, 1.57075, 0, -2.18166
52, 1.57075, 0, -2.18166
52, 1.57075, 0, -2.18166
52, 1.57075, 0, -2.18166
52, 1.57075, 0, -2.18166
52, 1.57075, 0, -2.18166
52, 1.57075, 0, -2.18166
52, 1.57076, 0, -2.18166
52, 1.57076, 0, -2.18166
52, 1.57076, 0, -2.18166
52, 1.57076, 0, -2.18166
52, 1.57076, 0, -2.18166
52, 1.57076, 0, -2.18166
52, 1.57076, 0, -2.18166
52, 1.57076, 0, -2.18166
52, 1.57076, 0, -2.18166
52, 1.57076, 0, -2.18166
52, 1.57076, 0, -2.18166
52, 1.57076, 0, -2.18166
52, 1.57076, 0, -2.18166
52, 1.57076, 0, -2.18166
52, 1.57076, 0, -2.18166
52, 1.57076, 0, -2.18166
52, 1.57076, 0, -2.18166
52, 1.57076, 0, -2.18166
52, 1.57076, 0, -2.18166
52, 1.57076, 0, -2.18166
52, 1.57076, 0, -2.18166
52, 1.57076, 0, -2.18166
52, 1.57076, 0, -2.18166
52, 1.57076, 0, -2.18166
52, 1.57076, 0, -2.18166
52, 1.57076, 0, -2.18166
52, 1.57076, 0, -2.18166
52, 1.57076, 0, -2.18166
52, 1.57076, 0, -2.18166
52, 1.57076, 0, -2.18166
52, 1.57077, 0, -2.18166
52, 1.57077, 0, -2.18166
52, 1.57077, 0, -2.18166
52, 1.57077, 0, -2.18166
52, 1.57077, 0, -2.18166
52, 1.57077, 0, -2.18166
52, 1.57077, 0, -2.18166
52, 1.57077, 0, -2.18166
52, 1.57077, 0, -2.18166
52, 1.57077, 0, -2.18166
52, 1.57077, 0, -2.18166
52, 1.57077, 0, -2.18166
52, 1.57077, 0, -2.18166
52, 1.57077, 0, -2.18166
52, 1.57077, 0, -2.18166
52, 1.57077, 0, -2.18166
52, 1.57077, 0, -2.18166
52, 1.57077, 0, -2.18166
52, 1.57077, 0, -2.18166
52, 1.57077, 0, -2.18166
52, 1.57077, 0, -2.18166
52, 1.57077, 0, -2.18166
52, 1.57077, 0, -2.18166
52, 1.57077, 1e-06, -2.18166
52, 1.57077, 1e-06, -2.18166
52, 1.57077, 1e-06, -2.18166
52, 1.57077, 1e-06, -2.18166
52, 1.57077, 0, -2.18166
52, 1.57077, 0, -2.18166
52, 1.57077, 0, -2.18166
52, 1.57077, 0, -2.18166
52, 1.57077, 0, -2.18166
52, 1.57077, 0, -2.18166
52, 1.57077, 0, -2.18166
52, 1.57077, 0, -2.18166
52, 1.57077, 0, -2.18166
52, 1.57077, 0, -2.18166
52, 1.57078, 0, -2.18166
52, 1.57078, 0, -2.18166
52, 1.57078, 0, -2.18166
52, 1.57078, 0, -2.18166
52, 1.57078, 0, -2.18166
52, 1.57078, 0, -2.18166
52, 1.57078, 0, -2.18166
52, 1.57078, 0, -2.18166
52, 1.57078, 0, -2.18166
52, 1.57078, 0, -2.18166
52, 1.57078, 0, -2.18166
52, 1.57078, 0, -2.18166
52, 1.57078, 0, -2.18166
52, 1.57078, 0, -2.18166
52, 1.57078, 0, -2.18166
52, 1.57078, 0, -2.18166
52, 1.57078, 0, -2.18166
52, 1.57078, 0, -2.18166
52, 1.57078, 0, -2.18166
52, 1.57078, 0, -2.18166
52, 1.57078, 0, -2.18166
52, 1.57078, 0, -2.18166
52, 1.57078, 0, -2.18166
52, 1.57078, 0, -2.18166
52, 1.57078, 0, -2.18166
52, 1.57078, 0, -2.18166
52, 1.57078, 0, -2.18166
52, 1.57078, 0, -2.18166
52, 1.57078, 0, -2.18166
52, 1.57078, 0, -2.18166
52, 1.57078, 0, -2.18166
52, 1.57078, 0, -2.18166
52, 1.57078, 0, -2.18166
52, 1.57078, 0, -2.18166
52, 1.57078, 0, -2.18166
52, 1.57078, 0, -2.18166
52, 1.57078, 0, -2.18166
52, 1.57078, 0, -2.18166
52, 1.57078, 0, -2.18166
52, 1.57078, 0, -2.18166
52, 1.57078, 0, -2.18166
52, 1.57078, 0, -2.18166
52, 1.57078, 0, -2.18166
52, 1.57078, 0, -2.18166
52, 1.57078, 0, -2.18166
52, 1.57078, 0, -2.18166
52, 1.57078, 0, -2.18166
52, 1.57078, 0, -2.18166
52, 1.57078, 0, -2.18166
52, 1.57078, 0, -2.18166
52, 1.57078, 0, -2.18166
52, 1.57078, 0, -2.18166
52, 1.57078, 0, -2.18166
52, 1.57078, 0, -2.18166
52, 1.57078, 0, -2.18166
52, 1.57078, 0, -2.18166
52, 1.57078, 0, -2.18166
52, 1.57078, 0, -2.18166
52, 1.57078, 0, -2.18166
52, 1.57078, 0, -2.18166
52, 1.57078, 0, -2.18166
52, 1.57078, 0, -2.18166
52, 1.57078, 0, -2.18166
52, 1.57078, 0, -2.18166
52, 1.57078, 0, -2.18166
52, 1.57078, 0, -2.18166
52, 1.57079, 0, -2.18166
52, 1.57079, 0, -2.18166
52, 1.57079, 0, -2.18166
52, 1.57079, 0, -2.18166
52, 1.57079, 0, -2.18166
52, 1.57079, 0, -2.18166
52, 1.57079, 0, -2.18166
52, 1.57079, 0, -2.18166
52, 1.57079, 0, -2.18166
52, 1.57079, 0, -2.18166
52, 1.57079, 0, -2.18166
52, 1.57079, 0, -2.18166
52, 1.57079, 0, -2.18166
52, 1.57079, 0, -2.18166
52, 1.57079, 0, -2.18166
52, 1.57079, 0, -2.18166
52, 1.57079, 0, -2.18166
52, 1.57079, 0, -2.18166
52, 1.57079, 0, -2.18166
52, 1.57079, 0, -2.18166
52, 1.57079, 0, -2.18166
52, 1.57079, 0, -2.18166
52, 1.57079, 0, -2.18166
52, 1.57079, 0, -2.18166
52, 1.57079, 0, -2.18166
52, 1.57079, 0, -2.18166
52, 1.57079, 0, -2.18166
52, 1.57079, 0, -2.18166
52, 1.57079, 0, -2.18166
52, 1.57079, 0, -2.18166
52, 1.57079, 0, -2.18166
52, 1.57079, 0, -2.18166
52, 1.57079, 0, -2.18166
52, 1.57079, 0, -2.18166
52, 1.57079, 0, -2.18166
52, 1.57079, 0, -2.18166
52, 1.57079, 0, -2.18166
52, 1.57079, 0, -2.18166
52, 1.57079, 0, -2.18166
52, 1.57079, 0, -2.18166
52, 1.57079, 0, -2.18166
52, 1.57079, 0, -2.18166
52, 1.57079, 0, -2.18166
52, 1.57079, 0, -2.18166
52, 1.57079, 0, -2.18166
52, 1.57079, 0, -2.18166
52, 1.57079, 0, -2.18166
52, 1.57079, 0, -2.18166
52, 1.57079, 0, -2.18166
52, 1.57079, 0, -2.18166
52, 1.57079, 0, -2.18166
52, 1.57079, 0, -2.18166
52, 1.57079, 0, -2.18166
52, 1.57079, 0, -2.18166
52, 1.57079, 0, -2.18166
52, 1.57079, 0, -2.18166
52, 1.57079, 0, -2.18166
52, 1.57079, 0, -2.18166
52, 1.57079, 0, -2.18166
52, 1.57079, 0, -2.18166
52, 1.57079, 0, -2.18166
52, 1.57079, 0, -2.18166
52, 1.57079, 0, -2.18166
52, 1.57079, 0, -2.18166
52, 1.57079, 0, -2.18166
52, 1.57079, 0, -2.18166
52, 1.57079, 0, -2.18166
52, 1.57079, 0, -2.18166
52, 1.57079, 0, -2.18166
52, 1.57079, 0, -2.18166
52, 1.57079, 0, -2.18166
52, 1.57079, 0, -2.18166
52, 1.57079, 0, -2.18166
52, 1.57079, 0, -2.18166
52, 1.57079, 1e-06, -2.18166
52, 1.57079, 1e-06, -2.18166
52, 1.57079, 1e-06, -2.18166
52, 1.57079, 1e-06, -2.18166
52, 1.57079, 1e-06, -2.18166
52, 1.57079, 0, -2.18166
52, 1.57079, 0, -2.18166
52, 1.57079, 0, -2.18166
52, 1.57079, 0, -2.18166
52, 1.57079, 0, -2.18166
52, 1.57079, 0, -2.18166
52, 1.57079, 0, -2.18166
52, 1.57079, 0, -2.18166
52, 1.57079, 0, -2.18166
52, 1.57079, 0, -2.18166
52, 1.57079, 0, -2.18166
52, 1.57079, 0, -2.18166
52, 1.57079, 0, -2.18166
52, 1.57079, 0, -2.18166
52, 1.57079, 0, -2.18166
52, 1.57079, 0, -2.18166
52, 1.57079, 0, -2.18166
52, 1.57079, 0, -2.18166
52, 1.57079, 0, -2.18166
52, 1.57079, 0, -2.18166
52, 1.57079, 0, -2.18166
52, 1.57079, 0, -2.18166
52, 1.57079, 0, -2.18166
52, 1.57079, 0, -2.18166
52, 1.57079, 0, -2.18166
52, 1.57079, 0, -2.18166
52, 1.57079, 0, -2.18166
52, 1.57079, 0, -2.18166
52, 1.57079, 0, -2.18166
52, 1.57079, 0, -2.18166
52, 1.57079, 0, -2.18166
52, 1.57079, 0, -2.18166
52, 1.57079, 0, -2.18166
52, 1.57079, 0, -2.18166
52, 1.57079, 0, -2.18166
52, 1.57079, 0, -2.18166
52, 1.57079, 0, -2.18166
52, 1.57079, 0, -2.18166
52, 1.57079, 0, -2.18166
52, 1.57079, 0, -2.18166
52, 1.57079, 0, -2.18166
52, 1.57079, 0, -2.18166
52, 1.57079, 0, -2.18166
52, 1.57079, 0, -2.18166
52, 1.57079, 0, -2.18166
52, 1.57079, 0, -2.18166
52, 1.57079, 0, -2.18166
52, 1.57079, 0, -2.18166
52, 1.57079, 0, -2.18166
52, 1.57079, 0, -2.18166
52, 1.57079, 0, -2.18166
52, 1.57079, 0, -2.18166
52, 1.57079, 0, -2.18166
52, 1.57079, 0, -2.18166
52, 1.57079, 0, -2.18166
52, 1.57079, 0, -2.18166
52, 1.57079, 0, -2.18166
52, 1.57079, 0, -2.18166
52, 1.57079, 0, -2.18166
52, 1.57079, 0, -2.18166
52, 1.57079, 0, -2.18166
52, 1.57079, 0, -2.18166
52, 1.57079, 0, -2.18166
52, 1.57079, 0, -2.18166
52, 1.57079, 0, -2.18166
52, 1.57079, 0, -2.18166
52, 1.57079, 0, -2.18166
52, 1.57079, 0, -2.18166
52, 1.57079, 0, -2.18166
52, 1.57079, 0, -2.18166
52, 1.57079, 0, -2.18166
52, 1.57079, 0, -2.18166
52, 1.57079, 0, -2.18166
52, 1.57079, 0, -2.18166
52, 1.57079, 0, -2.18166
52, 1.57079, 0, -2.18166
52, 1.57079, 0, -2.18166
52, 1.57079, 0, -2.18166
52, 1.57079, 0, -2.18166
52, 1.57079, 0, -2.18166
52, 1.57079, 0, -2.18166
52, 1.57079, 0, -2.18166
52, 1.57079, 0, -2.18166
52, 1.57079, 0, -2.18166
52, 1.57079, 0, -2.18166
52, 1.57079, 0, -2.18166
52, 1.57079, 0, -2.18166
52, 1.57079, 0, -2.18166
52, 1.57079, 0, -2.18166
52, 1.57079, 0, -2.18166
52, 1.57079, 0, -2.18166
52, 1.57079, 0, -2.18166
52, 1.57079, 0, -2.18166
52, 1.57079, 0, -2.18166
52, 1.57079, 0, -2.18166
52, 1.57079, 0, -2.18166
52, 1.57079, 0, -2.18166
52, 1.57079, 0, -2.18166
52, 1.57079, 0, -2.18166
52, 1.57079, 0, -2.18166
52, 1.57079, 0, -2.18166
52, 1.57079, 0, -2.18166
52, 1.57079, 0, -2.18166
52, 1.57079, 0, -2.18166
52, 1.57079, 0, -2.18166
52, 1.57079, 0, -2.18166
52, 1.57079, 0, -2.18166
52, 1.57079, 0, -2.18166
52, 1.57079, 0, -2.18166
52, 1.57079, 0, -2.18166
52, 1.57079, 0, -2.18166
52, 1.57079, 0, -2.18166
52, 1.57079, 0, -2.18166
52, 1.57079, 0, -2.18166
52, 1.57079, 0, -2.18166
52, 1.57079, 0, -2.18166
52, 1.57079, 0, -2.18166
52, 1.57079, 0, -2.18166
52, 1.57079, 0, -2.18166
52, 1.57079, 0, -2.18166
52, 1.57079, 0, -2.18166
52, 1.57079, 0, -2.18166
52, 1.57079, 0, -2.18166
52, 1.57079, 0, -2.18166
52, 1.57079, 0, -2.18166
52, 1.57079, 0, -2.18166
52, 1.57079, 0, -2.18166
52, 1.57079, 0, -2.18166
52, 1.57079, 0, -2.18166
52, 1.57079, 0, -2.18166
52, 1.57079, 0, -2.18166
52, 1.57079, 0, -2.18166
52, 1.57079, 0, -2.18166
52, 1.57079, 0, -2.18166
52, 1.57079, 0, -2.18166
52, 1.57079, 0, -2.18166
52, 1.57079, 0, -2.18166
52, 1.57079, 0, -2.18166
52, 1.57079, 0, -2.18166
52, 1.57079, 0, -2.18166
52, 1.57079, 0, -2.18166
52, 1.57079, 0, -2.18166
52, 1.57079, 0, -2.18166
52, 1.57079, 0, -2.18166
52, 1.57079, 0, -2.18166
52, 1.57079, 0, -2.18166
52, 1.57079, 0, -2.18166
52, 1.57079, 0, -2.18166
52, 1.57079, 0, -2.18166
52, 1.57079, 0, -2.18166
52, 1.57079, 0, -2.18166
52, 1.57079, 0, -2.18166
52, 1.57079, 0, -2.18166
52, 1.57079, 0, -2.18166
52, 1.57079, 0, -2.18166
52, 1.57079, 0, -2.18166
52, 1.57079, 0, -2.18166
52, 1.57079, 0, -2.18166
52, 1.57079, 0, -2.18166
52, 1.57079, 0, -2.18166
52, 1.57079, 0, -2.18166
52, 1.57079, 0, -2.18166
52, 1.57079, 0, -2.18166
52, 1.57079, 0, -2.18166
52, 1.57079, 0, -2.18166
52, 1.57079, 0, -2.18166
52, 1.57079, 1e-06, -2.18166
52, 1.57079, 1e-06, -2.18166
52, 1.57079, 1e-06, -2.18166
52, 1.57079, 1e-06, -2.18166
52, 1.57079, 1e-06, -2.18166
52, 1.57079, 0, -2.18166
52, 1.57079, 0, -2.18166
52, 1.57079, 0, -2.18166
52, 1.57079, 0, -2.18166
52, 1.57079, 0, -2.18166
52, 1.57079, 0, -2.18166
52, 1.57079, 0, -2.18166
52, 1.57079, 0, -2.18166
52, 1.57079, 0, -2.18166
52, 1.57079, 0, -2.18166
52, 1.57079, 0, -2.18166
52, 1.57079, 0, -2.18166
52, 1.57079, 0, -2.18166
52, 1.57079, 0, -2.18166
52, 1.57079, 0, -2.18166
52, 1.57079, 0, -2.18166
52, 1.57079, 0, -2.18166
52, 1.57079, 0, -2.18166
52, 1.57079, 0, -2.18166
52, 1.57079, 0, -2.18166
52, 1.57079, 0, -2.18166
52, 1.57079, 0, -2.18166
52, 1.57079, 0, -2.18166
52, 1.57079, 0, -2.18166
52, 1.57079, 0, -2.18166
52, 1.57079, 0, -2.18166
52, 1.57079, 0, -2.18166
52, 1.57079, 0, -2.18166
52, 1.57079, 0, -2.18166
52, 1.57079, 0, -2.18166
52, 1.57079, 0, -2.18166
52, 1.57079, 0, -2.18166
52, 1.57079, 0, -2.18166
52, 1.5708, 0, -2.18166
52, 1.5708, 0, -2.18166
52, 1.5708, 0, -2.18166
52, 1.5708, 0, -2.18166
52, 1.5708, 0, -2.18166
52, 1.5708, 0, -2.18166
52, 1.5708, 0, -2.18166
52, 1.5708, 0, -2.18166
52, 1.5708, 0, -2.18166
52, 1.5708, 0, -2.18166
52, 1.5708, 0, -2.18166
52, 1.5708, 0, -2.18166
52, 1.5708, 0, -2.18166
52, 1.5708, 0, -2.18166
52, 1.5708, 0, -2.18166
52, 1.5708, 0, -2.18166
52, 1.5708, 0, -2.18166
52, 1.5708, 0, -2.18166
52, 1.5708, 0, -2.18166
52, 1.5708, 0, -2.18166
52, 1.5708, 0, -2.18166
52, 1.5708, 0, -2.18166
52, 1.5708, 0, -2.18166
52, 1.5708, 0, -2.18166
52, 1.5708, 0, -2.18166
52, 1.5708, 0, -2.18166
52, 1.5708, 0, -2.18166
52, 1.5708, 0, -2.18166
52, 1.5708, 0, -2.18166
52, 1.5708, 0, -2.18166
52, 1.5708, 0, -2.18166
52, 1.5708, 0, -2.18166
52, 1.5708, 0, -2.18166
52, 1.5708, 0, -2.18166
52, 1.5708, 0, -2.18166
52, 1.5708, 0, -2.18166
52, 1.5708, 0, -2.18166
52, 1.5708, 0, -2.18166
52, 1.5708, 0, -2.18166
52, 1.5708, 0, -2.18166
52, 1.5708, 0, -2.18166
52, 1.5708, 0, -2.18166
52, 1.5708, 0, -2.18166
52, 1.5708, 0, -2.18166
52, 1.5708, 0, -2.18166
52, 1.5708, 0, -2.18166
52, 1.5708, 0, -2.18166
52, 1.5708, 0, -2.18166
52, 1.5708, 0, -2.18166
52, 1.5708, 0, -2.18166
52, 1.5708, 0, -2.18166
52, 1.5708, 0, -2.18166
52, 1.5708, 0, -2.18166
52, 1.5708, 0, -2.18166
52, 1.5708, 0, -2.18166
52, 1.5708, 0, -2.18166
52, 1.5708, 0, -2.18166
52, 1.5708, 0, -2.18166
52, 1.5708, 0, -2.18166
52, 1.5708, 0, -2.18166
52, 1.5708, 0, -2.18166
52, 1.5708, 0, -2.18166
52, 1.5708, 0, -2.18166
52, 1.5708, 0, -2.18166
52, 1.5708, 0, -2.18166
52, 1.5708, 0, -2.18166
52, 1.5708, 0, -2.18166
52, 1.5708, 0, -2.18166
52, 1.5708, 0, -2.18166
52, 1.5708, 0, -2.18166
52, 1.5708, 0, -2.18166
52, 1.5708, 0, -2.18166
52, 1.5708, 0, -2.18166
52, 1.5708, 0, -2.18166
52, 1.5708, 0, -2.18166
52, 1.5708, 0, -2.18166
52, 1.5708, 0, -2.18166
52, 1.5708, 0, -2.18166
52, 1.5708, 0, -2.18166
52, 1.5708, 0, -2.18166
52, 1.5708, 0, -2.18166
52, 1.5708, 0, -2.18166
52, 1.5708, 0, -2.18166
52, 1.5708, 0, -2.18166
52, 1.5708, 0, -2.18166
52, 1.5708, 0, -2.18166
52, 1.5708, 0, -2.18166
52, 1.5708, 0, -2.18166
52, 1.5708, 0, -2.18166
52, 1.5708, 0, -2.18166
52, 1.5708, 0, -2.18166
52, 1.5708, 0, -2.18166
52, 1.5708, 0, -2.18166
52, 1.5708, 0, -2.18166
52, 1.5708, 0, -2.18166
52, 1.5708, 0, -2.18166
52, 1.5708, 0, -2.18166
52, 1.5708, 0, -2.18166
52, 1.5708, 0, -2.18166
52, 1.5708, 0, -2.18166
52, 1.5708, 0, -2.18166
52, 1.5708, 0, -2.18166
52, 1.5708, 0, -2.18166
52, 1.5708, 0, -2.18166
52, 1.5708, 0, -2.18166
52, 1.5708, 0, -2.18166
52, 1.5708, 0, -2.18166
52, 1.5708, 0, -2.18166
52, 1.5708, 0, -2.18166
52, 1.5708, 0, -2.18166
52, 1.5708, 0, -2.18166
52, 1.5708, 0, -2.18166
52, 1.5708, 0, -2.18166
52, 1.5708, 0, -2.18166
52, 1.5708, 0, -2.18166
52, 1.5708, 0, -2.18166
52, 1.5708, 0, -2.18166
52, 1.5708, 0, -2.18166
52, 1.5708, 0, -2.18166
52, 1.5708, 0, -2.18166
52, 1.5708, 0, -2.18166
52, 1.5708, 0, -2.18166
52, 1.5708, 0, -2.18166
52, 1.5708, 0, -2.18166
52, 1.5708, 0, -2.18166
52, 1.5708, 0, -2.18166
52, 1.5708, 1e-06, -2.18166
52, 1.5708, 1e-06, -2.18166
52, 1.5708, 1e-06, -2.18166
52, 1.5708, 1e-06, -2.18166
52, 1.5708, 1e-06, -2.18166
52, 1.5708, 0, -2.18166
52, 1.5708, 0, -2.18166
52, 1.5708, 0, -2.18166
52, 1.5708, 0, -2.18166
52, 1.5708, 0, -2.18166
52, 1.5708, 0, -2.18166
52, 1.5708, 0, -2.18166
52, 1.5708, 0, -2.18166
52, 1.5708, 0, -2.18166
52, 1.5708, 0, -2.18166
52, 1.5708, 0, -2.18166
52, 1.5708, 0, -2.18166
52, 1.5708, 0, -2.18166
52, 1.5708, 0, -2.18166
52, 1.5708, 0, -2.18166
52, 1.5708, 0, -2.18166
52, 1.5708, 0, -2.18166
52, 1.5708, 0, -2.18166
52, 1.5708, 0, -2.18166
52, 1.5708, 0, -2.18166
52, 1.5708, 0, -2.18166
52, 1.5708, 0, -2.18166
52, 1.5708, 0, -2.18166
52, 1.5708, 0, -2.18166
52, 1.5708, 0, -2.18166
52, 1.5708, 0, -2.18166
52, 1.5708, 0, -2.18166
52, 1.5708, 0, -2.18166
52, 1.5708, 0, -2.18166
52, 1.5708, 0, -2.18166
52, 1.5708, 0, -2.18166
52, 1.5708, 0, -2.18166
52, 1.5708, 0, -2.18166
52, 1.5708, 0, -2.18166
52, 1.5708, 0, -2.18166
52, 1.5708, 0, -2.18166
52, 1.5708, 0, -2.18166
52, 1.5708, 0, -2.18166
52, 1.5708, 0, -2.18166
52, 1.5708, 0, -2.18166
52, 1.5708, 0, -2.18166
52, 1.5708, 0, -2.18166
52, 1.5708, 0, -2.18166
52, 1.5708, 0, -2.18166
52, 1.5708, 0, -2.18166
52, 1.5708, 0, -2.18166
52, 1.5708, 0, -2.18166
52, 1.5708, 0, -2.18166
52, 1.5708, 0, -2.18166
52, 1.5708, 0, -2.18166
52, 1.5708, 0, -2.18166
52, 1.5708, 0, -2.18166
52, 1.5708, 0, -2.18166
52, 1.5708, 0, -2.18166
52, 1.5708, 0, -2.18166
52, 1.5708, 0, -2.18166
52, 1.5708, 0, -2.18166
52, 1.5708, 0, -2.18166
52, 1.5708, 0, -2.18166
52, 1.5708, 0, -2.18166
52, 1.5708, 0, -2.18166
52, 1.5708, 0, -2.18166
52, 1.5708, 0, -2.18166
52, 1.5708, 0, -2.18166
52, 1.5708, 0, -2.18166
52, 1.5708, 0, -2.18166
52, 1.5708, 0, -2.18166
52, 1.5708, 0, -2.18166
52, 1.5708, 0, -2.18166
52, 1.5708, 0, -2.18166
52, 1.5708, 0, -2.18166
52, 1.5708, 0, -2.18166
52, 1.5708, 0, -2.18166
52, 1.5708, 0, -2.18166
52, 1.5708, 0, -2.18166
52, 1.5708, 0, -2.18166
52, 1.5708, 0, -2.18166
52, 1.5708, 0, -2.18166
52, 1.5708, 0, -2.18166
52, 1.5708, 0, -2.18166
52, 1.5708, 0, -2.18166
52, 1.5708, 0, -2.18166
52, 1.5708, 0, -2.18166
52, 1.5708, 0, -2.18166
52, 1.5708, 0, -2.18166
52, 1.5708, 0, -2.18166
52, 1.5708, 0, -2.18166
52, 1.5708, 0, -2.18166
52, 1.5708, 0, -2.18166
52, 1.5708, 0, -2.18166
52, 1.5708, 0, -2.18166
52, 1.5708, 0, -2.18166
52, 1.5708, 0, -2.18166
52, 1.5708, 0, -2.18166
52, 1.5708, 0, -2.18166
52, 1.5708, 0, -2.18166
52, 1.5708, 0, -2.18166
52, 1.5708, 0, -2.18166
52, 1.5708, 0, -2.18166
52, 1.5708, 0, -2.18166
52, 1.5708, 0, -2.18166
52, 1.5708, 0, -2.18166
52, 1.5708, 0, -2.18166
52, 1.5708, 0, -2.18166
52, 1.5708, 0, -2.18166
52, 1.5708, 0, -2.18166
52, 1.5708, 0, -2.18166
52, 1.5708, 0, -2.18166
52, 1.5708, 0, -2.18166
52, 1.5708, 0, -2.18166
52, 1.5708, 0, -2.18166
52, 1.5708, 0, -2.18166
52, 1.5708, 0, -2.18166
52, 1.5708, 0, -2.18166
52, 1.5708, 0, -2.18166
52, 1.5708, 0, -2.18166
52, 1.5708, 0, -2.18166
52, 1.5708, 0, -2.18166
52, 1.5708, 0, -2.18166
52, 1.5708, 0, -2.18166
52, 1.5708, 0, -2.18166
52, 1.5708, 0, -2.18166
52, 1.5708, 0, -2.18166
52, 1.5708, 0, -2.18166
52, 1.5708, 0, -2.18166
52, 1.5708, 0, -2.18166
52, 1.5708, 0, -2.18166
52, 1.5708, 0, -2.18166
52, 1.5708, 0, -2.18166
52, 1.5708, 0, -2.18166
52, 1.5708, 0, -2.18166
52, 1.5708, 0, -2.18166
52, 1.5708, 0, -2.18166
52, 1.5708, 0, -2.18166
52, 1.5708, 0, -2.18166
52, 1.5708, 0, -2.18166
52, 1.5708, 0, -2.18166
52, 1.5708, 0, -2.18166
52, 1.5708, 0, -2.18166
52, 1.5708, 0, -2.18166
52, 1.5708, 0, -2.18166
52, 1.5708, 0, -2.18166
52, 1.5708, 0, -2.18166
52, 1.5708, 0, -2.18166
52, 1.5708, 0, -2.18166
52, 1.5708, 0, -2.18166
52, 1.5708, 0, -2.18166
52, 1.5708, 0, -2.18166
52, 1.5708, 0, -2.18166
52, 1.5708, 0, -2.18166
52, 1.5708, 0, -2.18166
52, 1.5708, 0, -2.18166
52, 1.5708, 0, -2.18166
52, 1.5708, 0, -2.18166
52, 1.5708, 0, -2.18166
52, 1.5708, 0, -2.18166
52, 1.5708, 0, -2.18166
52, 1.5708, 0, -2.18166
52, 1.5708, 0, -2.18166
52, 1.5708, 0, -2.18166
52, 1.5708, 0, -2.18166
52, 1.5708, 0, -2.18166
52, 1.5708, 0, -2.18166
52, 1.5708, 0, -2.18166
52, 1.5708, 0, -2.18166
52, 1.5708, 0, -2.18166
52, 1.5708, 1e-06, -2.18166
52, 1.5708, 1e-06, -2.18166
52, 1.5708, 1e-06, -2.18166
52, 1.5708, 1e-06, -2.18166
52, 1.5708, 1e-06, -2.18166
52, 1.5708, 0, -2.18166
52, 1.5708, 0, -2.18166
52, 1.5708, 0, -2.18166
52, 1.5708, 0, -2.18166
52, 1.5708, 0, -2.18166
52, 1.5708, 0, -2.18166
52, 1.5708, 0, -2.18166
52, 1.5708, 0, -2.18166
52, 1.5708, 0, -2.18166
52, 1.5708, 0, -2.18166
52, 1.5708, 0, -2.18166
52, 1.5708, 0, -2.18166
52, 1.5708, 0, -2.18166
52, 1.5708, 0, -2.18166
52, 1.5708, 0, -2.18166
52, 1.5708, 0, -2.18166
52, 1.5708, 0, -2.18166
52, 1.5708, 0, -2.18166
52, 1.5708, 0, -2.18166
52, 1.5708, 0, -2.18166
52, 1.5708, 0, -2.18166
52, 1.5708, 0, -2.18166
52, 1.5708, 0, -2.18166
52, 1.5708, 0, -2.18166
52, 1.5708, 0, -2.18166
52, 1.5708, 0, -2.18166
52, 1.5708, 0, -2.18166
52, 1.5708, 0, -2.18166
52, 1.5708, 0, -2.18166
52, 1.5708, 0, -2.18166
52, 1.5708, 0, -2.18166
52, 1.5708, 0, -2.18166
52, 1.5708, 0, -2.18166
52, 1.5708, 0, -2.18166
52, 1.5708, 0, -2.18166
52, 1.5708, 0, -2.18166
52, 1.5708, 0, -2.18166
52, 1.5708, 0, -2.18166
52, 1.5708, 0, -2.18166
52, 1.5708, 0, -2.18166
52, 1.5708, 0, -2.18166
52, 1.5708, 0, -2.18166
52, 1.5708, 0, -2.18166
52, 1.5708, 0, -2.18166
52, 1.5708, 0, -2.18166
52, 1.5708, 0, -2.18166
52, 1.5708, 0, -2.18166
52, 1.5708, 0, -2.18166
52, 1.5708, 0, -2.18166
52, 1.5708, 0, -2.18166
52, 1.5708, 0, -2.18166
52, 1.5708, 0, -2.18166
52, 1.5708, 0, -2.18166
52, 1.5708, 0, -2.18166
52, 1.5708, 0, -2.18166
52, 1.5708, 0, -2.18166
52, 1.5708, 0, -2.18166
52, 1.5708, 0, -2.18166
52, 1.5708, 0, -2.18166
52, 1.5708, 0, -2.18166
52, 1.5708, 0, -2.18166
52, 1.5708, 0, -2.18166
52, 1.5708, 0, -2.18166
52, 1.5708, 0, -2.18166
52, 1.5708, 0, -2.18166
52, 1.5708, 0, -2.18166
52, 1.5708, 0, -2.18166
52, 1.5708, 0, -2.18166
52, 1.5708, 0, -2.18166
52, 1.5708, 0, -2.18166
52, 1.5708, 0, -2.18166
52, 1.5708, 0, -2.18166
52, 1.5708, 0, -2.18166
52, 1.5708, 0, -2.18166
52, 1.5708, 0, -2.18166
52, 1.5708, 0, -2.18166
52, 1.5708, 0, -2.18166
52, 1.5708, 0, -2.18166
52, 1.5708, 0, -2.18166
52, 1.5708, 0, -2.18166
52, 1.5708, 0, -2.18166
52, 1.5708, 0, -2.18166
52, 1.5708, 0, -2.18166
52, 1.5708, 0, -2.18166
52, 1.5708, 0, -2.18166
52, 1.5708, 0, -2.18166
52, 1.5708, 0, -2.18166
52, 1.5708, 0, -2.18166
52, 1.5708, 0, -2.18166
52, 1.5708, 0, -2.18166
52, 1.5708, 0, -2.18166
52, 1.5708, 0, -2.18166
52, 1.5708, 0, -2.18166
52, 1.5708, 0, -2.18166
52, 1.5708, 0, -2.18166
52, 1.5708, 0, -2.18166
52, 1.5708, 0, -2.18166
52, 1.5708, 0, -2.18166
52, 1.5708, 0, -2.18166
52, 1.5708, 0, -2.18166
52, 1.5708, 0, -2.18166
52, 1.5708, 0, -2.18166
52, 1.5708, 0, -2.18166
52, 1.5708, 0, -2.18166
52, 1.5708, 0, -2.18166
52, 1.5708, 0, -2.18166
52, 1.5708, 0, -2.18166
52, 1.5708, 0, -2.18166
52, 1.5708, 0, -2.18166
52, 1.5708, 0, -2.18166
52, 1.5708, 0, -2.18166
52, 1.5708, 0, -2.18166
52, 1.5708, 0, -2.18166
52, 1.5708, 0, -2.18166
52, 1.5708, 0, -2.18166
52, 1.5708, 0, -2.18166
52, 1.5708, 0, -2.18166
52, 1.5708, 0, -2.18166
52, 1.5708, 0, -2.18166
52, 1.5708, 0, -2.18166
52, 1.5708, 0, -2.18166
52, 1.5708, 0, -2.18166
52, 1.5708, 0, -2.18166
52, 1.5708, 0, -2.18166
52, 1.5708, 0, -2.18166
52, 1.5708, 0, -2.18166
52, 1.5708, 0, -2.18166
52, 1.5708, 0, -2.18166
52, 1.5708, 0, -2.18166
52, 1.5708, 0, -2.18166
52, 1.5708, 0, -2.18166
52, 1.5708, 0, -2.18166
52, 1.5708, 0, -2.18166
52, 1.5708, 0, -2.18166
52, 1.5708, 0, -2.18166
52, 1.5708, 0, -2.18166
52, 1.5708, 0, -2.18166
52, 1.5708, 0, -2.18166
52, 1.5708, 0, -2.18166
52, 1.5708, 0, -2.18166
52, 1.5708, 0, -2.18166
52, 1.5708, 0, -2.18166
52, 1.5708, 0, -2.18166
52, 1.5708, 0, -2.18166
52, 1.5708, 0, -2.18166
52, 1.5708, 0, -2.18166
52, 1.5708, 0, -2.18166
52, 1.5708, 0, -2.18166
52, 1.5708, 0, -2.18166
52, 1.5708, 0, -2.18166
52, 1.5708, 0, -2.18166
52, 1.5708, 0, -2.18166
52, 1.5708, 0, -2.18166
52, 1.5708, 0, -2.18166
52, 1.5708, 0, -2.18166
52, 1.5708, 0, -2.18166
52, 1.5708, 0, -2.18166
52, 1.5708, 0, -2.18166
52, 1.5708, 0, -2.18166
52, 1.5708, 0, -2.18166
52, 1.5708, 0, -2.18166
52, 1.5708, 0, -2.18166
52, 1.5708, 0, -2.18166
52, 1.5708, 1e-06, -2.18166
52, 1.5708, 1e-06, -2.18166
52, 1.5708, 1e-06, -2.18166
52, 1.5708, 1e-06, -2.18166
52, 1.5708, 0, -2.18166
52, 1.5708, 0, -2.18166
52, 1.5708, 0, -2.18166
52, 1.5708, 0, -2.18166
52, 1.5708, 0, -2.18166
52, 1.5708, 0, -2.18166
52, 1.5708, 0, -2.18166
52, 1.5708, 0, -2.18166
52, 1.5708, 0, -2.18166
52, 1.5708, 0, -2.18166
52, 1.5708, 0, -2.18166
52, 1.5708, 0, -2.18166
52, 1.5708, 0, -2.18166
52, 1.5708, 0, -2.18166
52, 1.5708, 0, -2.18166
52, 1.5708, 0, -2.18166
52, 1.5708, 0, -2.18166
52, 1.5708, 0, -2.18166
52, 1.5708, 0, -2.18166
52, 1.5708, 0, -2.18166
52, 1.5708, 0, -2.18166
52, 1.5708, 0, -2.18166
52, 1.5708, 0, -2.18166
52, 1.5708, 0, -2.18166
52, 1.5708, 0, -2.18166
52, 1.5708, 0, -2.18166
52, 1.5708, 0, -2.18166
52, 1.5708, 0, -2.18166
52, 1.5708, 0, -2.18166
52, 1.5708, 0, -2.18166
52, 1.5708, 0, -2.18166
52, 1.5708, 0, -2.18166
52, 1.5708, 0, -2.18166
52, 1.5708, 0, -2.18166
52, 1.5708, 0, -2.18166
52, 1.5708, 0, -2.18166
52, 1.5708, 0, -2.18166
52, 1.5708, 0, -2.18166
52, 1.5708, 0, -2.18166
52, 1.5708, 0, -2.18166
52, 1.5708, 0, -2.18166
52, 1.5708, 0, -2.18166
52, 1.5708, 0, -2.18166
52, 1.5708, 0, -2.18166
52, 1.5708, 0, -2.18166
52, 1.5708, 0, -2.18166
52, 1.5708, 0, -2.18166
52, 1.5708, 0, -2.18166
52, 1.5708, 0, -2.18166
52, 1.5708, 0, -2.18166
52, 1.5708, 0, -2.18166
52, 1.5708, 0, -2.18166
52, 1.5708, 0, -2.18166
52, 1.5708, 0, -2.18166
52, 1.5708, 0, -2.18166
52, 1.5708, 0, -2.18166
52, 1.5708, 0, -2.18166
52, 1.5708, 0, -2.18166
52, 1.5708, 0, -2.18166
52, 1.5708, 0, -2.18166
52, 1.5708, 0, -2.18166
52, 1.5708, 0, -2.18166
52, 1.5708, 0, -2.18166
52, 1.5708, 0, -2.18166
52, 1.5708, 0, -2.18166
52, 1.5708, 0, -2.18166
52, 1.5708, 0, -2.18166
52, 1.5708, 0, -2.18166
52, 1.5708, 0, -2.18166
52, 1.5708, 0, -2.18166
52, 1.5708, 0, -2.18166
52, 1.5708, 0, -2.18166
52, 1.5708, 0, -2.18166
52, 1.5708, 0, -2.18166
52, 1.5708, 0, -2.18166
52, 1.5708, 0, -2.18166
52, 1.5708, 0, -2.18166
52, 1.5708, 0, -2.18166
52, 1.5708, 0, -2.18166
52, 1.5708, 0, -2.18166
52, 1.5708, 0, -2.18166
52, 1.5708, 0, -2.18166
52, 1.5708, 0, -2.18166
52, 1.5708, 0, -2.18166
52, 1.5708, 0, -2.18166
52, 1.5708, 0, -2.18166
52, 1.5708, 0, -2.18166
52, 1.5708, 0, -2.18166
52, 1.5708, 0, -2.18166
52, 1.5708, 0, -2.18166
52, 1.5708, 0, -2.18166
52, 1.5708, 0, -2.18166
52, 1.5708, 0, -2.18166
52, 1.5708, 0, -2.18166
52, 1.5708, 0, -2.18166
52, 1.5708, 0, -2.18166
52, 1.5708, 0, -2.18166
52, 1.5708, 0, -2.18166
52, 1.5708, 0, -2.18166
52, 1.5708, 0, -2.18166
52, 1.5708, 0, -2.18166
52, 1.5708, 0, -2.18166
52, 1.5708, 0, -2.18166
52, 1.5708, 0, -2.18166
52, 1.5708, 0, -2.18166
52, 1.5708, 0, -2.18166
52, 1.5708, 0, -2.18166
52, 1.5708, 0, -2.18166
52, 1.5708, 0, -2.18166
52, 1.5708, 0, -2.18166
52, 1.5708, 0, -2.18166
52, 1.5708, 0, -2.18166
52, 1.5708, 0, -2.18166
52, 1.5708, 0, -2.18166
52, 1.5708, 0, -2.18166
52, 1.5708, 0, -2.18166
52, 1.5708, 0, -2.18166
52, 1.5708, 0, -2.18166
52, 1.5708, 0, -2.18166
52, 1.5708, 0, -2.18166
52, 1.5708, 0, -2.18166
52, 1.5708, 0, -2.18166
52, 1.5708, 0, -2.18166
52, 1.5708, 0, -2.18166
52, 1.5708, 0, -2.18166
52, 1.5708, 0, -2.18166
52, 1.5708, 0, -2.18166
52, 1.5708, 0, -2.18166
52, 1.5708, 0, -2.18166
52, 1.5708, 0, -2.18166
52, 1.5708, 0, -2.18166
52, 1.5708, 0, -2.18166
52, 1.5708, 0, -2.18166
52, 1.5708, 0, -2.18166
52, 1.5708, 0, -2.18166
52, 1.5708, 0, -2.18166
52, 1.5708, 0, -2.18166
52, 1.5708, 0, -2.18166
52, 1.5708, 0, -2.18166
52, 1.5708, 0, -2.18166
52, 1.5708, 0, -2.18166
52, 1.5708, 0, -2.18166
52, 1.5708, 0, -2.18166
52, 1.5708, 0, -2.18166
52, 1.5708, 0, -2.18166
52, 1.5708, 1e-06, -2.18166
52, 1.5708, 1e-06, -2.18166
52, 1.5708, 1e-06, -2.18166
52, 1.5708, 1e-06, -2.18166
52, 1.5708, 1e-06, -2.18166
52, 1.5708, 0, -2.18166
52, 1.5708, 0, -2.18166
52, 1.5708, 0, -2.18166
52, 1.5708, 0, -2.18166
52, 1.5708, 0, -2.18166
52, 1.5708, 0, -2.18166
52, 1.5708, 0, -2.18166
52, 1.5708, 0, -2.18166
52, 1.5708, 0, -2.18166
52, 1.5708, 0, -2.18166
52, 1.5708, 0, -2.18166
52, 1.5708, 0, -2.18166
52, 1.5708, 0, -2.18166
52, 1.5708, 0, -2.18166
52, 1.5708, 0, -2.18166
52, 1.5708, 0, -2.18166
52, 1.5708, 0, -2.18166
52, 1.5708, 0, -2.18166
52, 1.5708, 0, -2.18166
52, 1.5708, 0, -2.18166
52, 1.5708, 0, -2.18166
52, 1.5708, 0, -2.18166
52, 1.5708, 0, -2.18166
52, 1.5708, 0, -2.18166
52, 1.5708, 0, -2.18166
52, 1.5708, 0, -2.18166
52, 1.5708, 0, -2.18166
52, 1.5708, 0, -2.18166
52, 1.5708, 0, -2.18166
52, 1.5708, 0, -2.18166
52, 1.5708, 0, -2.18166
52, 1.5708, 0, -2.18166
52, 1.5708, 0, -2.18166
52, 1.5708, 0, -2.18166
52, 1.5708, 0, -2.18166
52, 1.5708, 0, -2.18166
52, 1.5708, 0, -2.18166
52, 1.5708, 0, -2.18166
52, 1.5708, 0, -2.18166
52, 1.5708, 0, -2.18166
52, 1.5708, 0, -2.18166
52, 1.5708, 0, -2.18166
52, 1.5708, 0, -2.18166
52, 1.5708, 0, -2.18166
52, 1.5708, 0, -2.18166
52, 1.5708, 0, -2.18166
52, 1.5708, 0, -2.18166
52, 1.5708, 0, -2.18166
52, 1.5708, 0, -2.18166
52, 1.5708, 0, -2.18166
52, 1.5708, 0, -2.18166
52, 1.5708, 0, -2.18166
52, 1.5708, 0, -2.18166
52, 1.5708, 0, -2.18166
52, 1.5708, 0, -2.18166
52, 1.5708, 0, -2.18166
52, 1.5708, 0, -2.18166
52, 1.5708, 0, -2.18166
52, 1.5708, 0, -2.18166
52, 1.5708, 0, -2.18166
52, 1.5708, 0, -2.18166
52, 1.5708, 0, -2.18166
52, 1.5708, 0, -2.18166
52, 1.5708, 0, -2.18166
52, 1.5708, 0, -2.18166
52, 1.5708, 0, -2.18166
52, 1.5708, 0, -2.18166
52, 1.5708, 0, -2.18166
52, 1.5708, 0, -2.18166
52, 1.5708, 0, -2.18166
52, 1.5708, 0, -2.18166
52, 1.5708, 0, -2.18166
52, 1.5708, 0, -2.18166
52, 1.5708, 0, -2.18166
52, 1.5708, 0, -2.18166
52, 1.5708, 0, -2.18166
52, 1.5708, 0, -2.18166
52, 1.5708, 0, -2.18166
52, 1.5708, 0, -2.18166
52, 1.5708, 0, -2.18166
52, 1.5708, 0, -2.18166
52, 1.5708, 0, -2.18166
52, 1.5708, 0, -2.18166
52, 1.5708, 0, -2.18166
52, 1.5708, 0, -2.18166
52, 1.5708, 0, -2.18166
52, 1.5708, 0, -2.18166
52, 1.5708, 0, -2.18166
52, 1.5708, 0, -2.18166
52, 1.5708, 0, -2.18166
52, 1.5708, 0, -2.18166
52, 1.5708, 0, -2.18166
52, 1.5708, 0, -2.18166
52, 1.5708, 0, -2.18166
52, 1.5708, 0, -2.18166
52, 1.5708, 0, -2.18166
52, 1.5708, 0, -2.18166
52, 1.5708, 0, -2.18166
52, 1.5708, 0, -2.18166
52, 1.5708, 0, -2.18166
52, 1.5708, 0, -2.18166
52, 1.5708, 0, -2.18166
52, 1.5708, 0, -2.18166
52, 1.5708, 0, -2.18166
52, 1.5708, 0, -2.18166
52, 1.5708, 0, -2.18166
52, 1.5708, 0, -2.18166
52, 1.5708, 0, -2.18166
52, 1.5708, 0, -2.18166
52, 1.5708, 0, -2.18166
52, 1.5708, 0, -2.18166
52, 1.5708, 0, -2.18166
52, 1.5708, 0, -2.18166
52, 1.5708, 0, -2.18166
52, 1.5708, 0, -2.18166
52, 1.5708, 0, -2.18166
52, 1.5708, 0, -2.18166
52, 1.5708, 0, -2.18166
52, 1.5708, 0, -2.18166
52, 1.5708, 0, -2.18166
52, 1.5708, 0, -2.18166
52, 1.5708, 0, -2.18166
52, 1.5708, 0, -2.18166
52, 1.5708, 0, -2.18166
52, 1.5708, 0, -2.18166
52, 1.5708, 0, -2.18166
52, 1.5708, 0, -2.18166
52, 1.5708, 0, -2.18166
52, 1.5708, 0, -2.18166
52, 1.5708, 0, -2.18166
52, 1.5708, 0, -2.18166
52, 1.5708, 0, -2.18166
52, 1.5708, 0, -2.18166
52, 1.5708, 0, -2.18166
52, 1.5708, 0, -2.18166
52, 1.5708, 0, -2.18166
52, 1.5708, 0, -2.18166
52, 1.5708, 0, -2.18166
52, 1.5708, 0, -2.18166
52, 1.5708, 0, -2.18166
52, 1.5708, 0, -2.18166
52, 1.5708, 0, -2.18166
52, 1.5708, 0, -2.18166
52, 1.5708, 0, -2.18166
52, 1.5708, 0, -2.18166
52, 1.5708, 0, -2.18166
52, 1.5708, 0, -2.18166
52, 1.5708, 0, -2.18166
52, 1.5708, 0, -2.18166
52, 1.5708, 0, -2.18166
52, 1.5708, 0, -2.18166
52, 1.5708, 0, -2.18166
52, 1.5708, 0, -2.18166
52, 1.5708, 0, -2.18166
52, 1.5708, 0, -2.18166
52, 1.5708, 0, -2.18166
52, 1.5708, 0, -2.18166
52, 1.5708, 0, -2.18166
52, 1.5708, 0, -2.18166
52, 1.5708, 0, -2.18166
52, 1.5708, 0, -2.18166
52, 1.5708, 0, -2.18166
52, 1.5708, 0, -2.18166
52, 1.5708, 1e-06, -2.18166
52, 1.5708, 1e-06, -2.18166
52, 1.5708, 1e-06, -2.18166
52, 1.5708, 1e-06, -2.18166
52, 1.5708, 1e-06, -2.18166
52, 1.5708, 0, -2.18166
52, 1.5708, 0, -2.18166
52, 1.5708, 0, -2.18166
52, 1.5708, 0, -2.18166
52, 1.5708, 0, -2.18166
52, 1.5708, 0, -2.18166
52, 1.5708, 0, -2.18166
52, 1.5708, 0, -2.18166
52, 1.5708, 0, -2.18166
52, 1.5708, 0, -2.18166
52, 1.5708, 0, -2.18166
52, 1.5708, 0, -2.18166
52, 1.5708, 0, -2.18166
52, 1.5708, 0, -2.18166
52, 1.5708, 0, -2.18166
52, 1.5708, 0, -2.18166
52, 1.5708, 0, -2.18166
52, 1.5708, 0, -2.18166
52, 1.5708, 0, -2.18166
52, 1.5708, 0, -2.18166
52, 1.5708, 0, -2.18166
52, 1.5708, 0, -2.18166
52, 1.5708, 0, -2.18166
52, 1.5708, 0, -2.18166
52, 1.5708, 0, -2.18166
52, 1.5708, 0, -2.18166
52, 1.5708, 0, -2.18166
52, 1.5708, 0, -2.18166
52, 1.5708, 0, -2.18166
52, 1.5708, 0, -2.18166
52, 1.5708, 0, -2.18166
52, 1.5708, 0, -2.18166
52, 1.5708, 0, -2.18166
52, 1.5708, 0, -2.18166
52, 1.5708, 0, -2.18166
52, 1.5708, 0, -2.18166
52, 1.5708, 0, -2.18166
52, 1.5708, 0, -2.18166
52, 1.5708, 0, -2.18166
52, 1.5708, 0, -2.18166
52, 1.5708, 0, -2.18166
52, 1.5708, 0, -2.18166
52, 1.5708, 0, -2.18166
52, 1.5708, 0, -2.18166
52, 1.5708, 0, -2.18166
52, 1.5708, 0, -2.18166
52, 1.5708, 0, -2.18166
52, 1.5708, 0, -2.18166
52, 1.5708, 0, -2.18166
52, 1.5708, 0, -2.18166
52, 1.5708, 0, -2.18166
52, 1.5708, 0, -2.18166
52, 1.5708, 0, -2.18166
52, 1.5708, 0, -2.18166
52, 1.5708, 0, -2.18166
52, 1.5708, 0, -2.18166
52, 1.5708, 0, -2.18166
52, 1.5708, 0, -2.18166
52, 1.5708, 0, -2.18166
52, 1.5708, 0, -2.18166
52, 1.5708, 0, -2.18166
52, 1.5708, 0, -2.18166
52, 1.5708, 0, -2.18166
52, 1.5708, 0, -2.18166
52, 1.5708, 0, -2.18166
52, 1.5708, 0, -2.18166
52, 1.5708, 0, -2.18166
52, 1.5708, 0, -2.18166
52, 1.5708, 0, -2.18166
52, 1.5708, 0, -2.18166
52, 1.5708, 0, -2.18166
52, 1.5708, 0, -2.18166
52, 1.5708, 0, -2.18166
52, 1.5708, 0, -2.18166
52, 1.5708, 0, -2.18166
52, 1.5708, 0, -2.18166
52, 1.5708, 0, -2.18166
52, 1.5708, 0, -2.18166
52, 1.5708, 0, -2.18166
52, 1.5708, 0, -2.18166
52, 1.5708, 0, -2.18166
52, 1.5708, 0, -2.18166
52, 1.5708, 0, -2.18166
52, 1.5708, 0, -2.18166
52, 1.5708, 0, -2.18166
52, 1.5708, 0, -2.18166
52, 1.5708, 0, -2.18166
52, 1.5708, 0, -2.18166
52, 1.5708, 0, -2.18166
52, 1.5708, 0, -2.18166
52, 1.5708, 0, -2.18166
52, 1.5708, 0, -2.18166
52, 1.5708, 0, -2.18166
52, 1.5708, 0, -2.18166
52, 1.5708, 0, -2.18166
52, 1.5708, 0, -2.18166
52, 1.5708, 0, -2.18166
52, 1.5708, 0, -2.18166
52, 1.5708, 0, -2.18166
52, 1.5708, 0, -2.18166
52, 1.5708, 0, -2.18166
52, 1.5708, 0, -2.18166
52, 1.5708, 0, -2.18166
52, 1.5708, 0, -2.18166
52, 1.5708, 0, -2.18166
52, 1.5708, 0, -2.18166
52, 1.5708, 0, -2.18166
52, 1.5708, 0, -2.18166
52, 1.5708, 0, -2.18166
52, 1.5708, 0, -2.18166
52, 1.5708, 0, -2.18166
52, 1.5708, 0, -2.18166
52, 1.5708, 0, -2.18166
52, 1.5708, 0, -2.18166
52, 1.5708, 0, -2.18166
52, 1.5708, 0, -2.18166
52, 1.5708, 0, -2.18166
52, 1.5708, 0, -2.18166
52, 1.5708, 0, -2.18166
52, 1.5708, 0, -2.18166
52, 1.5708, 0, -2.18166
52, 1.5708, 0, -2.18166
52, 1.5708, 0, -2.18166
52, 1.5708, 0, -2.18166
52, 1.5708, 0, -2.18166
52, 1.5708, 0, -2.18166
52, 1.5708, 0, -2.18166
52, 1.5708, 0, -2.18166
52, 1.5708, 0, -2.18166
52, 1.5708, 0, -2.18166
52, 1.5708, 0, -2.18166
52, 1.5708, 0, -2.18166
52, 1.5708, 0, -2.18166
52, 1.5708, 0, -2.18166
52, 1.5708, 0, -2.18166
52, 1.5708, 0, -2.18166
52, 1.5708, 0, -2.18166
52, 1.5708, 0, -2.18166
52, 1.5708, 0, -2.18166
52, 1.5708, 0, -2.18166
52, 1.5708, 0, -2.18166
52, 1.5708, 0, -2.18166
52, 1.5708, 0, -2.18166
52, 1.5708, 0, -2.18166
52, 1.5708, 0, -2.18166
52, 1.5708, 0, -2.18166
52, 1.5708, 0, -2.18166
52, 1.5708, 0, -2.18166
52, 1.5708, 0, -2.18166
52, 1.5708, 0, -2.18166
52, 1.5708, 0, -2.18166
52, 1.5708, 0, -2.18166
52, 1.5708, 0, -2.18166
52, 1.5708, 0, -2.18166
52, 1.5708, 0, -2.18166
52, 1.5708, 0, -2.18166
52, 1.5708, 0, -2.18166
52, 1.5708, 0, -2.18166
52, 1.5708, 0, -2.18166
52, 1.5708, 0, -2.18166
52, 1.5708, 0, -2.18166
52, 1.5708, 1e-06, -2.18166
52, 1.5708, 1e-06, -2.18166
52, 1.5708, 1e-06, -2.18166
52, 1.5708, 1e-06, -2.18166
52, 1.5708, 0, -2.18166
52, 1.5708, 0, -2.18166
52, 1.5708, 0, -2.18166
52, 1.5708, 0, -2.18166
52, 1.5708, 0, -2.18166
52, 1.5708, 0, -2.18166
52, 1.5708, 0, -2.18166
52, 1.5708, 0, -2.18166
52, 1.5708, 0, -2.18166
52, 1.5708, 0, -2.18166
52, 1.5708, 0, -2.18166
52, 1.5708, 0, -2.18166
52, 1.5708, 0, -2.18166
52, 1.5708, 0, -2.18166
52, 1.5708, 0, -2.18166
52, 1.5708, 0, -2.18166
52, 1.5708, 0, -2.18166
52, 1.5708, 0, -2.18166
52, 1.5708, 0, -2.18166
52, 1.5708, 0, -2.18166
52, 1.5708, 0, -2.18166
52, 1.5708, 0, -2.18166
52, 1.5708, 0, -2.18166
52, 1.5708, 0, -2.18166
52, 1.5708, 0, -2.18166
52, 1.5708, 0, -2.18166
52, 1.5708, 0, -2.18166
52, 1.5708, 0, -2.18166
52, 1.5708, 0, -2.18166
